0.3408
0.3327
0.3541
0.3964
0.3422
0.3892
0.2901
0.3803
0.3165
0.3335
0.3498
0.4744
0.3031
0.3665
0.3356
0.3827
0.3018
0.3738
0.3239
0.375
0.346
0.3608
0.3566
0.3694
0.3467
0.3773
0.3117
0.4206
0.3377
0.3465
0.3449
0.3747
0.4188
0.2772
0.4686
0.3298
0.3256
0.3407
0.3196
0.2809
0.3131
0.343
0.2997
0.3109
0.355
0.3014
0.3512
0.3665
0.3891
0.3677
0.3748
0.3088
0.3051
0.2908
0.3739
0.4462
0.339
0.34
0.3533
0.3279
0.361
0.3057
0.349
0.3832
0.3297
0.3603
0.3215
0.3929
0.396
0.3132
0.3219
0.3457
0.3889
0.3532
0.3198
0.2905
0.3918
0.3565
0.301
0.3157
0.36
0.3886
0.3956
0.3827
0.3431
0.3313
0.4373
0.3152
0.4427
0.3195
0.3008
0.3463
0.2999
0.381
0.3074
0.3049
0.3098
0.3361
0.4065
0.3977
