1.057
1.0708
1.063
1.0555
1.0209
1.0432
1.0633
1.0521
1.0952
1.0608
1.0636
0.988
1.043
1.0351
1.0673
1.0187
1.0706
1.0269
1.0601
1.041
1.0636
1.0322
1.0425
1.0356
0.9892
1.0471
1.0869
1.0232
1.0483
1.0559
1.0016
1.0395
1.01
1.0519
1.0377
1.0825
1.03
1.0786
1.0385
1.095
1.1228
1.0126
1.0231
1.0494
1.0752
1.0822
1.0336
1.0296
1.0239
1.0898
1.0432
1.1203
1.0388
1.0493
1.0655
1.0486
1.0531
1.0424
1.0561
1.0491
1.0418
1.0361
1.0342
1.0224
1.0334
1.0452
1.0563
1.0319
1.0791
1.0544
1.0429
1.0668
1.0633
1.0087
1.0746
1.0603
1.0096
1.0557
1.0389
1.0459
1.0593
1.061
1.0415
1.0247
1.0483
1.0211
1.0396
1.0437
1.0114
1.0197
1.0359
1.0824
1.0689
1.0371
1.0525
1.0255
1.0717
1.0652
1.0216
1.063
