0.3941
0.3923
0.4118
0.4681
0.3971
0.4614
0.3466
0.4367
0.3794
0.3852
0.3992
0.5504
0.359
0.4228
0.4001
0.4357
0.3638
0.433
0.3784
0.4427
0.4063
0.4133
0.4146
0.4274
0.4061
0.4477
0.3715
0.496
0.3949
0.4066
0.3956
0.4407
0.4907
0.3262
0.5501
0.382
0.371
0.3926
0.3624
0.3351
0.3653
0.4042
0.3473
0.3638
0.4171
0.3464
0.4046
0.4165
0.4604
0.4324
0.4393
0.3667
0.3598
0.3442
0.4401
0.52
0.3903
0.3867
0.4158
0.3826
0.429
0.3621
0.4038
0.4445
0.3821
0.4121
0.3747
0.4507
0.464
0.3627
0.3846
0.4133
0.4539
0.4097
0.3775
0.3411
0.4552
0.4114
0.344
0.3709
0.4204
0.4575
0.4512
0.4332
0.3971
0.3849
0.5174
0.3617
0.5285
0.3681
0.3475
0.4035
0.3528
0.4395
0.3528
0.3538
0.3671
0.3993
0.4745
0.4663
