1.0467
1.0531
1.0549
1.036
1.0157
1.0188
1.0408
1.0305
1.0855
1.0403
1.0606
0.9846
1.0249
1.0255
1.044
1.0061
1.0485
1.0143
1.0474
1.025
1.0523
1.026
1.0224
1.0187
0.969
1.0346
1.0647
1.0183
1.0335
1.0326
0.9929
1.0321
0.9994
1.0369
1.0211
1.0662
1.0242
1.0625
1.0332
1.0717
1.102
1.0105
1.019
1.0327
1.0558
1.07
1.0184
1.0092
1.0154
1.0628
1.0299
1.095
1.0336
1.0336
1.0476
1.0383
1.0461
1.0401
1.033
1.0355
1.0164
1.0186
1.0241
1.0151
1.0221
1.0366
1.0374
1.0244
1.0662
1.0461
1.0264
1.0431
1.0393
0.9971
1.0603
1.0404
0.9943
1.0498
1.0305
1.0288
1.0381
1.0407
1.0338
1.017
1.0343
1.0088
1.019
1.0348
0.9929
1.0116
1.0273
1.0679
1.0506
1.0152
1.0487
1.016
1.0552
1.0406
1.0069
1.0522
