0.398202
0.429311
0.417461
0.398882
0.361367
0.411760
0.378967
0.403009
0.400232
0.367064
0.396053
0.418999
0.372445
0.421085
0.414344
0.396795
0.373992
0.421007
0.365031
0.398652
0.394218
0.400495
0.378956
0.390934
0.379440
0.378744
0.398257
0.406772
0.423819
0.386667
0.373222
0.369793
0.413548
0.374000
0.396647
0.420258
0.404134
0.396863
0.392804
0.396501
0.419283
0.368329
0.370959
0.382065
0.379674
0.402920
0.394359
0.362467
0.413907
0.404648
0.414531
0.438625
0.381621
0.362897
0.388892
0.406131
0.412695
0.382172
0.409952
0.427377
0.353896
0.386963
0.414073
0.410381
0.408511
0.408360
0.385828
0.413105
0.440732
0.386747
0.392929
0.422368
0.428934
0.365576
0.393732
0.429695
0.383677
0.397709
0.415611
0.383847
0.432621
0.384546
0.435801
0.403820
0.380357
0.390710
0.437937
0.415556
0.421713
0.356050
0.380513
0.429819
0.387395
0.407072
0.400370
0.380340
0.418640
0.388291
0.400619
0.424636
