0.9883
1.002
1.0041
1.0003
0.9851
1.0068
0.9826
0.9926
0.9952
0.9885
0.9994
1.0059
1.0017
0.9989
1.007
0.9988
1.0056
0.9958
1.0119
0.998
1.0083
1.0076
1.0079
1.0074
0.9818
0.9867
0.9919
0.9855
1.0039
1.0081
1.0041
1.0141
1.
0.9964
1.0001
0.9898
1.0046
0.9924
1.0019
1.0126
0.9858
1.0098
0.9971
1.0103
0.9646
1.
0.9947
0.9989
0.9926
1.0025
1.005
0.9992
0.9993
1.0103
1.0019
1.0054
0.9899
0.9992
1.007
1.0157
0.9981
0.9992
1.0009
1.0016
0.9986
1.0012
1.0116
0.9881
0.9999
1.0072
0.9979
1.0294
0.9939
0.9868
1.0042
0.9966
1.0081
0.9903
0.9895
0.988
1.0074
1.0046
0.9971
1.0089
1.0054
0.9967
1.0108
1.0048
1.0088
0.9876
1.0056
0.9912
0.9776
1.009
0.9945
1.0112
1.0106
0.9885
1.0061
0.9944
