0.4619
0.3998
0.4289
0.3139
0.4049
0.3422
0.447
0.3885
0.4421
0.3593
0.4624
0.4356
0.4373
0.3582
0.4433
0.4105
0.4234
0.3759
0.3717
0.4372
0.3835
0.4978
0.3169
0.5163
0.4108
0.378
0.4377
0.3839
0.399
0.4383
0.3874
0.4618
0.3801
0.3608
0.4057
0.3981
0.3882
0.4532
0.4288
0.3105
0.4152
0.381
0.3574
0.4427
0.3479
0.3448
0.3212
0.4145
0.4337
0.3778
0.4492
0.3576
0.4704
0.3652
0.4234
0.3098
0.372
0.3705
0.2935
0.4262
0.3978
0.3369
0.419
0.4164
0.4048
0.4826
0.3888
0.3928
0.4748
0.3536
0.4815
0.3548
0.4887
0.4795
0.4115
0.3707
0.45
0.3039
0.3889
0.453
0.4147
0.4
0.4236
0.3959
0.2713
0.3983
0.2809
0.4372
0.385
0.4961
0.4699
0.3423
0.419
0.359
0.3603
0.3807
0.4285
0.3912
0.3939
0.416
