0.302
0.4425
0.3374
0.4169
0.3942
0.4245
0.3441
0.4282
0.4273
0.3187
0.3066
0.3494
0.467
0.4057
0.4334
0.3988
0.4849
0.4457
0.331
0.5284
0.3809
0.4479
0.3916
0.3697
0.4408
0.4014
0.3767
0.4603
0.3897
0.3319
0.4047
0.384
0.4304
0.3891
0.3716
0.3123
0.379
0.3898
0.3852
0.463
0.3552
0.3418
0.447
0.3117
0.3707
0.5095
0.3806
0.3636
0.4326
0.4653
0.457
0.4351
0.3512
0.3003
0.4763
0.4463
0.3289
0.3527
0.3935
0.3934
0.3772
0.3916
0.3949
0.4385
0.3579
0.3607
0.448
0.3326
0.4195
0.3676
0.4458
0.4868
0.4674
0.4599
0.4096
0.317
0.3602
0.4872
0.3457
0.4602
0.3649
0.3393
0.454
0.3641
0.4497
0.4045
0.4444
0.4143
0.3743
0.4041
0.3393
0.3417
0.4252
0.4389
0.3775
0.367
0.4376
0.3616
0.3927
0.3796
