0.2171
0.1948
0.2461
0.155
0.214
0.2082
0.233
0.2488
0.2294
0.2717
0.2427
0.1807
0.2175
0.2143
0.1706
0.204
0.2689
0.2287
0.239
0.2192
0.1466
0.214
0.18
0.2934
0.2438
0.2347
0.27
0.169
0.2494
0.2319
0.2067
0.2314
0.1934
0.2304
0.2303
0.1716
0.2059
0.2223
0.1977
0.2022
0.218
0.1983
0.2205
0.2453
0.2057
0.2445
0.2193
0.2742
0.2182
0.2486
0.1331
0.2053
0.1619
0.2173
0.174
0.2344
0.1911
0.1445
0.2472
0.2007
0.2066
0.2329
0.1776
0.2171
0.1615
0.3107
0.2149
0.1733
0.1797
0.1802
0.1951
0.2491
0.1952
0.2012
0.2453
0.2609
0.2304
0.2609
0.1758
0.1706
0.225
0.2424
0.1974
0.2197
0.1973
0.1834
0.2304
0.2028
0.2511
0.2614
0.2243
0.2564
0.1883
0.2336
0.2041
0.2518
0.202
0.2805
0.203
0.2168
