0.5144
0.3975
0.4488
0.3252
0.3592
0.4337
0.4322
0.3776
0.4526
0.4325
0.327
0.3982
0.4703
0.3732
0.3072
0.4386
0.4575
0.414
0.4051
0.3155
0.3819
0.3946
0.4015
0.4339
0.4525
0.4866
0.4046
0.3349
0.451
0.3811
0.405
0.4342
0.4067
0.3929
0.3605
0.3712
0.3707
0.374
0.4422
0.402
0.4091
0.3382
0.4987
0.3667
0.418
0.3845
0.3685
0.3701
0.4412
0.4158
0.4256
0.4715
0.4368
0.3343
0.3733
0.3488
0.2919
0.4118
0.3871
0.3916
0.4532
0.3723
0.4349
0.4402
0.3842
0.3896
0.3175
0.3695
0.3953
0.4379
0.412
0.4866
0.3038
0.406
0.3572
0.4991
0.4141
0.4086
0.3914
0.4449
0.3521
0.4102
0.3502
0.4221
0.3767
0.3349
0.3793
0.4048
0.4953
0.3871
0.3401
0.4778
0.3741
0.3622
0.4798
0.3443
0.301
0.4745
0.4161
0.4431
