0.2441
0.2345
0.2374
0.2316
0.2027
0.2448
0.2224
0.1958
0.1917
0.2172
0.1875
0.1718
0.2454
0.212
0.191
0.2204
0.2429
0.1962
0.1846
0.2409
0.2079
0.1728
0.2797
0.1985
0.1658
0.2599
0.2013
0.2345
0.255
0.2507
0.1803
0.2061
0.1979
0.1831
0.2082
0.1746
0.2103
0.2032
0.2659
0.2087
0.302
0.2163
0.205
0.225
0.2034
0.2375
0.2495
0.2243
0.2291
0.2217
0.2414
0.212
0.2082
0.2075
0.204
0.2433
0.1725
0.2274
0.1887
0.2218
0.2658
0.1959
0.1984
0.2281
0.1898
0.2077
0.1934
0.2621
0.2115
0.2116
0.2167
0.1923
0.2258
0.2132
0.1926
0.2083
0.2577
0.2094
0.2104
0.2256
0.1644
0.2007
0.2375
0.2005
0.2174
0.2099
0.2253
0.213
0.179
0.2286
0.2066
0.2002
0.2146
0.1876
0.2047
0.2723
0.211
0.2071
0.1975
0.2178
