1.0109
1.0304
1.0335
1.0136
1.0219
1.0228
1.028
1.0303
1.017
1.039
1.0292
1.0278
1.026
1.0203
1.0255
1.0063
1.0316
1.0291
1.0158
1.0222
1.0132
1.0316
1.0359
1.0185
1.0229
1.012
1.0165
1.0286
1.0312
1.0312
1.0147
1.0181
1.0109
1.0207
1.0184
1.0148
1.0363
1.0251
1.0271
1.0138
1.0204
1.0087
1.0241
1.0178
1.0079
1.0141
1.0142
1.0077
1.0207
1.0227
1.0248
1.0195
1.0379
1.0195
1.0262
1.0194
1.0142
1.0251
1.0218
1.02
1.0079
1.0174
1.017
1.0064
1.0075
1.0209
1.0274
1.0217
1.0247
1.0182
1.0101
1.0266
1.029
1.0193
1.0181
1.0248
1.0304
1.0229
1.0133
1.0161
1.0116
1.0164
1.0213
1.0355
1.0127
1.0128
1.0255
1.0149
1.0206
1.0186
1.0182
1.0413
1.013
1.0176
1.0166
1.0197
1.0063
1.0216
1.0239
1.0209
