0.528
0.357
0.3714
0.4635
0.4129
0.4216
0.3701
0.2875
0.3756
0.3034
0.2555
0.2191
0.4447
0.382
0.3189
0.4787
0.3963
0.3265
0.346
0.455
0.4089
0.2553
0.4529
0.356
0.2568
0.542
0.3636
0.4029
0.4193
0.3959
0.3444
0.4077
0.4165
0.3435
0.3947
0.3457
0.3039
0.3292
0.4658
0.4296
0.6058
0.485
0.345
0.4493
0.4315
0.4772
0.5169
0.4962
0.4425
0.4231
0.4125
0.4133
0.2644
0.3942
0.3427
0.4523
0.3321
0.3932
0.3365
0.4321
0.5781
0.3834
0.3958
0.472
0.4202
0.3672
0.3196
0.5092
0.3586
0.4206
0.4647
0.345
0.3622
0.4061
0.3353
0.3562
0.4481
0.3772
0.4047
0.47
0.3424
0.3568
0.4444
0.305
0.4156
0.4359
0.4292
0.4401
0.3159
0.4412
0.3838
0.2512
0.4296
0.3391
0.4118
0.5227
0.4656
0.3838
0.3371
0.4059
