1.0166
0.9979
0.9786
1.005
1.0105
0.9946
1.0113
0.9969
1.0166
0.9997
1.0012
1.0004
0.9784
1.0043
1.0052
0.9943
0.9949
1.0005
1.009
0.995
0.9865
1.0085
1.0192
1.001
1.0083
1.0101
1.0002
0.9948
0.9908
0.9807
1.0167
1.001
1.0163
0.9978
1.0091
0.9983
0.9972
1.0164
0.9832
0.9989
1.0059
0.9946
1.0026
1.002
1.0171
1.0059
0.993
1.0101
1.0075
1.0078
1.0075
1.019
1.0204
0.987
0.9997
1.0066
1.004
1.0008
0.9998
1.0083
0.9865
0.9903
1.0163
1.0167
0.9993
0.9916
0.9877
0.9956
0.9838
0.9986
1.0015
0.9983
1.0064
0.9979
0.9947
0.9935
1.0017
0.9891
0.9933
0.992
1.0071
0.9955
1.0195
0.9889
0.989
1.0035
1.0173
0.9728
1.0267
0.991
1.0136
1.0114
0.9941
0.9878
0.9923
0.9817
1.0094
1.0088
1.0039
1.0037
