1.0273
1.0008
1.0078
1.011
1.0311
1.0199
1.0192
1.0191
1.0154
1.0311
1.0013
1.0009
1.0385
1.03
1.022
1.0243
1.0219
1.0078
1.0042
1.0284
1.0121
1.0297
1.0221
1.0272
1.0201
1.016
1.0176
1.009
1.0186
1.0258
1.0228
1.0318
1.0098
1.0296
1.0208
1.0194
1.0287
1.0151
1.0147
1.0246
1.0103
1.0314
1.019
1.0093
1.0158
1.028
1.018
1.006
1.0344
1.0234
1.011
1.0159
1.0446
1.0233
1.0197
1.0196
1.0365
1.0226
1.0082
1.0097
1.0142
1.0264
1.0205
1.0277
1.0118
1.027
1.0344
1.0217
1.0194
1.0064
1.0092
1.0186
1.0162
1.0073
1.0225
1.018
1.0096
1.0115
1.0197
1.0169
0.9976
1.0233
1.0252
1.0111
1.0176
1.0065
1.0194
1.0287
1.0367
1.0349
1.0128
1.0199
1.011
1.0274
1.0217
1.0197
1.0226
1.0141
1.02
1.0255
