1.0135
1.0134
1.029
1.0212
1.0157
1.0361
1.0137
1.0255
1.0257
1.0262
1.016
1.0243
1.0279
1.0172
1.0118
1.031
1.0207
1.0176
1.0146
1.013
1.0208
1.0302
1.0282
1.0212
1.0145
1.015
1.0157
1.0234
1.0235
1.0143
1.025
1.0195
1.0172
1.0187
1.037
1.0139
1.0141
1.0114
1.0111
1.0266
1.0065
1.0216
1.0219
1.0182
1.021
1.023
1.0094
1.0249
1.0307
1.0112
1.0163
1.0166
1.0287
1.01
1.0121
1.015
1.0277
1.0145
1.0203
1.0172
1.0156
1.0278
1.0077
1.0179
1.0234
1.0164
1.0206
1.0288
1.0206
1.0251
1.023
1.0272
1.0263
1.0066
1.0197
1.0203
1.0139
1.0219
1.0228
1.0186
1.0211
1.0344
1.0173
1.0184
1.0407
1.026
1.012
1.0312
1.0227
1.0127
1.016
1.0177
1.0222
1.0093
1.0141
1.025
1.0113
1.0181
1.0307
1.0198
