1.0114
1.0217
1.0341
1.0207
1.0057
1.0294
1.0089
1.0119
1.0263
1.0097
1.0173
1.0296
1.023
1.0176
1.0211
1.021
1.0203
1.0189
1.034
1.0227
1.0297
1.023
1.0235
1.0279
1.0074
1.0088
1.019
1.0133
1.0249
1.0237
1.0181
1.0258
1.0277
1.0191
1.0207
1.0165
1.0189
1.0129
1.0233
1.0393
1.0147
1.0309
1.0115
1.0321
0.9965
1.0214
1.0173
1.0183
1.0169
1.0198
1.0197
1.0283
1.0185
1.028
1.0235
1.0278
1.0115
1.0212
1.0246
1.0317
1.0187
1.0211
1.0179
1.0218
1.0246
1.0201
1.0246
1.0083
1.0221
1.0229
1.0143
1.042
1.0205
1.0095
1.0244
1.0185
1.0276
1.0135
1.0136
1.0103
1.0268
1.0257
1.0176
1.0253
1.0297
1.0178
1.0295
1.0196
1.0188
1.0115
1.029
1.015
1.0018
1.0263
1.0161
1.0279
1.0292
1.0101
1.0235
1.0105
