0.9975
0.9854
1.0078
0.9995
0.9996
0.9993
0.9965
1.0097
0.9893
1.0157
1.0077
1.0003
0.9888
1.0072
0.9899
0.9988
1.0064
0.9997
1.0119
1.0004
1.0018
0.9908
0.9854
1.0028
0.9903
0.9985
0.9859
0.9922
1.003
0.9992
1.0022
1.0015
0.996
0.9826
1.0027
1.0086
1.0026
0.9912
0.9858
0.9987
0.9861
1.0049
0.9897
1.0063
0.9954
0.9932
0.9927
1.0046
1.007
0.9922
1.004
1.0074
1.0103
1.0104
0.9841
0.9926
1.0014
0.9953
1.0007
1.0027
1.0027
0.9982
1.0026
0.9834
1.0074
0.9993
0.9887
0.9991
1.0084
0.9999
0.9954
0.9852
0.9833
1.0009
1.0101
1.0164
0.9885
0.9946
1.0107
1.0027
1.0068
1.0064
0.9904
1.0071
0.9992
1.0023
1.0022
0.9988
1.0008
0.9938
1.0014
1.0078
0.9982
1.0013
1.0108
1.0036
0.9976
1.0113
1.0018
0.9965
