0.9849
1.0155
1.0132
0.9937
0.9922
1.0063
1.0079
1.0146
0.9962
1.0198
1.0186
1.0199
1.0008
1.0025
1.007
0.9869
1.0105
1.0074
0.9993
0.9976
0.9953
1.0128
1.0119
1.0029
1.0103
0.988
1.003
1.006
1.01
1.0124
0.9984
0.9947
0.9902
0.9989
0.9985
0.9956
1.0167
1.0093
1.0057
0.9916
0.9908
0.984
1.0074
0.9934
0.9894
0.9931
0.9887
0.9844
0.9966
0.9977
1.0072
0.9956
1.0243
0.9982
1.0064
0.9996
0.9982
1.0052
1.0032
0.9957
0.9826
0.996
0.9954
0.9918
0.9871
1.0042
1.0075
0.9953
1.0074
0.9943
0.9874
1.0025
1.0115
0.9982
1.0055
1.0061
1.0064
1.0024
0.997
0.989
0.9923
1.0042
0.9998
1.0128
0.9985
0.9913
0.997
0.9911
1.0028
0.9965
1.0002
1.0232
0.9945
1.0021
0.9938
0.9959
0.9853
1.0004
1.0057
0.9995
