0.1608
0.2394
0.1811
0.2272
0.2125
0.2285
0.1855
0.2293
0.2259
0.1724
0.164
0.1876
0.2534
0.2188
0.2359
0.2155
0.2609
0.238
0.1803
0.2876
0.2061
0.2394
0.2094
0.198
0.2386
0.2159
0.2026
0.2476
0.2118
0.1799
0.2148
0.2051
0.2308
0.2089
0.2002
0.1685
0.2041
0.2057
0.2068
0.2488
0.1906
0.1832
0.2371
0.1663
0.1998
0.2744
0.2028
0.197
0.236
0.2482
0.2436
0.235
0.1897
0.1603
0.2569
0.2392
0.1754
0.1874
0.2108
0.2106
0.2038
0.2133
0.2137
0.2345
0.1924
0.1937
0.2406
0.1762
0.2275
0.1979
0.2379
0.2631
0.2461
0.2478
0.2234
0.1727
0.194
0.266
0.1878
0.2509
0.1943
0.1821
0.2441
0.1947
0.242
0.2168
0.2397
0.2227
0.2024
0.218
0.1809
0.1855
0.2314
0.2383
0.204
0.1981
0.2357
0.1969
0.2121
0.2046
