0.4457
0.3621
0.442
0.4747
0.4173
0.4293
0.348
0.4202
0.4695
0.4588
0.4569
0.513
0.4268
0.4423
0.4662
0.3393
0.432
0.4549
0.4005
0.3858
0.4052
0.3478
0.4484
0.4457
0.4037
0.437
0.4187
0.4172
0.3389
0.4434
0.4239
0.347
0.3556
0.3835
0.3965
0.4388
0.412
0.3469
0.4056
0.3591
0.3741
0.3653
0.3827
0.4991
0.4405
0.4051
0.3558
0.3546
0.4406
0.4087
0.3275
0.3553
0.3715
0.3483
0.4405
0.4007
0.3267
0.3699
0.3936
0.3572
0.3
0.3852
0.352
0.4237
0.3612
0.3143
0.3468
0.3784
0.398
0.4851
0.568
0.3406
0.4346
0.3627
0.3716
0.4499
0.2903
0.3231
0.3919
0.4141
0.4723
0.3949
0.4505
0.4886
0.378
0.4806
0.4607
0.3828
0.4544
0.4043
0.4055
0.4005
0.434
0.4002
0.4015
0.4216
0.4746
0.4815
0.4301
0.3713
