0.9962
1.0021
0.9901
1.0143
1.0133
0.9798
1.0037
1.0045
0.9903
0.9857
1.0025
0.9992
0.9908
1.0056
0.9866
1.0088
0.9846
0.9931
0.9959
1.011
1.0092
1.0109
0.9971
0.9872
0.9936
1.0097
0.9966
1.0058
1.0097
0.9963
1.0269
1.0013
1.0044
0.9883
0.9825
0.9945
1.016
0.9962
0.9928
0.9828
0.9783
0.9967
0.9988
0.9845
1.005
1.0089
0.9989
0.9979
1.0104
0.9813
1.0033
0.9966
0.9972
1.0226
1.0022
1.0059
1.0098
1.0126
0.9859
1.0244
0.9867
0.9998
1.0247
0.9932
1.0067
1.0003
0.9942
1.0212
1.0007
0.9938
0.9912
0.9718
0.9876
0.998
1.0282
0.9882
1.0003
0.9923
1.0115
1.0148
0.9975
0.9964
0.9928
1.003
1.0051
0.9997
0.9855
1.0068
1.0039
0.993
0.9973
0.9923
1.0045
0.9788
1.0028
0.998
1.006
0.9839
1.0051
0.9951
