0.4699
0.4611
0.4153
0.4204
0.4455
0.3868
0.5749
0.3964
0.5048
0.4298
0.3815
0.3657
0.3717
0.4248
0.374
0.3816
0.3786
0.3964
0.3538
0.437
0.3865
0.2908
0.3144
0.412
0.5754
0.4641
0.4638
0.4923
0.3965
0.3562
0.3397
0.2444
0.4797
0.4019
0.4221
0.4744
0.2943
0.4339
0.4032
0.3628
0.4728
0.354
0.3193
0.4227
0.6126
0.4109
0.4292
0.4191
0.4589
0.347
0.2938
0.4465
0.4871
0.3433
0.4403
0.3113
0.4139
0.4041
0.3432
0.3324
0.3897
0.363
0.2743
0.3434
0.4366
0.3281
0.2734
0.4251
0.4571
0.2706
0.3458
0.2009
0.4324
0.4714
0.3656
0.4397
0.3252
0.4281
0.4359
0.4236
0.3513
0.474
0.4242
0.3227
0.4969
0.3457
0.3219
0.2687
0.2952
0.3631
0.3387
0.3701
0.6235
0.2888
0.4154
0.4119
0.33
0.5001
0.2963
0.4465
