0.4212
0.3464
0.5033
0.2165
0.3325
0.4892
0.4139
0.4328
0.4713
0.5728
0.4371
0.3376
0.4505
0.3683
0.3882
0.3294
0.573
0.4538
0.4546
0.3495
0.2238
0.3424
0.3476
0.6069
0.4852
0.3831
0.518
0.2861
0.4025
0.4462
0.2467
0.424
0.3333
0.4877
0.5162
0.3438
0.3006
0.4278
0.4051
0.4594
0.5122
0.384
0.4221
0.5324
0.3586
0.3985
0.4105
0.5134
0.3489
0.5633
0.2344
0.3997
0.3135
0.2844
0.3072
0.4095
0.3044
0.207
0.5249
0.2491
0.445
0.43
0.2036
0.4349
0.2683
0.5618
0.4264
0.2193
0.328
0.3674
0.4045
0.5992
0.426
0.3853
0.3087
0.5461
0.4204
0.5169
0.2683
0.2388
0.4252
0.4704
0.4
0.3992
0.3292
0.3439
0.5098
0.3388
0.445
0.5296
0.4342
0.5098
0.3296
0.55
0.3645
0.4709
0.3435
0.6092
0.3498
0.4209
