0.1889
0.1934
0.1429
0.1693
0.183
0.1475
0.2349
0.1598
0.1893
0.1729
0.1573
0.1332
0.1412
0.1786
0.16
0.1452
0.1627
0.1514
0.131
0.1688
0.1513
0.1142
0.1266
0.1643
0.2382
0.1895
0.1762
0.1889
0.1562
0.1487
0.1441
0.0996
0.1834
0.155
0.1698
0.1821
0.1184
0.1765
0.1585
0.1241
0.1754
0.1326
0.1316
0.1676
0.2431
0.1631
0.1707
0.1718
0.1809
0.1392
0.1176
0.1626
0.2072
0.1356
0.1764
0.1074
0.1632
0.1575
0.1369
0.1343
0.1532
0.1364
0.1011
0.1301
0.1649
0.1252
0.1112
0.173
0.1832
0.1021
0.1415
0.0742
0.1614
0.191
0.1425
0.1775
0.1225
0.1668
0.1682
0.1666
0.137
0.1961
0.172
0.1273
0.1997
0.1287
0.123
0.1049
0.1305
0.1321
0.1198
0.135
0.2664
0.1082
0.1645
0.1731
0.1271
0.2102
0.112
0.1932
