0.1627
0.1982
0.1267
0.2102
0.1276
0.1812
0.1817
0.1339
0.1652
0.1363
0.1688
0.169
0.1325
0.2004
0.1703
0.11
0.1629
0.1655
0.1682
0.2082
0.174
0.0862
0.1482
0.1492
0.1541
0.1968
0.1448
0.1209
0.1099
0.183
0.1274
0.1785
0.1562
0.1907
0.0935
0.214
0.1591
0.195
0.1364
0.1282
0.1807
0.0991
0.1682
0.1623
0.1238
0.1631
0.1975
0.149
0.175
0.1777
0.1661
0.2109
0.1125
0.2302
0.1558
0.2227
0.1828
0.1819
0.1447
0.1949
0.1202
0.1347
0.2209
0.1744
0.1524
0.1824
0.1554
0.0691
0.1556
0.0832
0.1721
0.1338
0.1944
0.2321
0.1297
0.1693
0.1537
0.1336
0.1415
0.1795
0.1514
0.12
0.1747
0.1725
0.0855
0.1119
0.1618
0.1175
0.1246
0.1388
0.1756
0.1575
0.1662
0.2118
0.2298
0.1725
0.1469
0.1628
0.0877
0.145
