0.3142
0.5154
0.2985
0.4193
0.3963
0.4278
0.3613
0.3797
0.4802
0.2407
0.2686
0.3478
0.5233
0.3696
0.484
0.4046
0.453
0.4474
0.2722
0.5262
0.3721
0.4939
0.4644
0.3559
0.4898
0.4087
0.4466
0.4996
0.3745
0.3361
0.3936
0.3767
0.4504
0.4755
0.358
0.2701
0.3661
0.4337
0.4557
0.4696
0.4242
0.3175
0.4982
0.2804
0.3935
0.5438
0.4168
0.3408
0.3975
0.5042
0.4369
0.3983
0.2997
0.249
0.5553
0.4835
0.322
0.3763
0.3901
0.3802
0.3639
0.4006
0.3818
0.5216
0.3209
0.3642
0.5047
0.3372
0.3772
0.3682
0.4689
0.5618
0.5511
0.4552
0.3587
0.235
0.4175
0.514
0.2926
0.4467
0.3316
0.3075
0.502
0.3289
0.4539
0.3928
0.4335
0.4201
0.3704
0.435
0.3325
0.3029
0.4341
0.4322
0.3234
0.3493
0.4498
0.305
0.3839
0.3969
