0.1874
0.1562
0.2188
0.1
0.1572
0.2189
0.174
0.2028
0.2106
0.2527
0.193
0.1386
0.1925
0.1756
0.1818
0.1475
0.2607
0.1918
0.1991
0.1544
0.0937
0.1667
0.1533
0.261
0.2147
0.1701
0.2468
0.1369
0.1667
0.1944
0.1096
0.1895
0.1467
0.2084
0.2429
0.1386
0.1432
0.1961
0.1844
0.2022
0.2127
0.17
0.1869
0.2341
0.1522
0.1916
0.1872
0.2252
0.1516
0.2614
0.1089
0.1745
0.1364
0.1301
0.1296
0.1851
0.1404
0.1058
0.2327
0.1251
0.1826
0.1968
0.0943
0.1877
0.1242
0.2502
0.1916
0.1082
0.1397
0.1701
0.1795
0.2541
0.1956
0.1697
0.1479
0.2465
0.1678
0.2355
0.1122
0.0997
0.2002
0.2276
0.1673
0.1907
0.1298
0.147
0.2338
0.1492
0.2085
0.2371
0.2112
0.2204
0.1488
0.2462
0.1606
0.2182
0.1459
0.2874
0.1614
0.1779
