0.2522
0.1348
0.1825
0.1146
0.13
0.1481
0.1909
0.1403
0.2023
0.1583
0.1103
0.137
0.1807
0.1451
0.0728
0.1766
0.1952
0.1609
0.1147
0.1453
0.1448
0.143
0.2103
0.1675
0.1764
0.2116
0.132
0.1415
0.1867
0.1591
0.156
0.197
0.1966
0.134
0.119
0.1277
0.1524
0.1358
0.1786
0.1668
0.1759
0.1078
0.21
0.1632
0.1627
0.1915
0.1214
0.1458
0.1577
0.1626
0.1793
0.2319
0.1752
0.1025
0.1366
0.1177
0.121
0.1533
0.1144
0.1375
0.179
0.1306
0.1973
0.1883
0.1092
0.1661
0.1387
0.1268
0.1095
0.1988
0.2088
0.2408
0.0962
0.1817
0.1288
0.205
0.1476
0.1352
0.127
0.1856
0.1588
0.1691
0.1316
0.165
0.135
0.1405
0.1093
0.1476
0.2203
0.1368
0.1383
0.1901
0.1448
0.0818
0.2016
0.1234
0.0968
0.1735
0.1825
0.148
