0.9802
1.0087
0.9998
1.0051
1.0083
1.0116
0.9954
1.0035
0.9885
1.0021
1.0134
1.0091
1.0018
0.9985
1.0211
0.9979
0.9972
1.0004
1.0189
0.9903
1.0037
1.009
0.9755
1.003
1.0014
0.9949
1.0142
0.9944
0.9976
1.0025
0.9983
0.9888
0.9842
1.0053
1.0097
1.0146
0.9953
1.0075
1.0029
0.9965
0.9989
1.0097
1.0007
0.9948
0.9998
0.9866
1.0101
1.0031
1.01
0.9984
0.995
0.9765
0.9968
1.0125
1.0055
1.0029
0.9981
1.0037
1.0158
1.0081
0.9992
1.0055
0.9911
0.9908
1.0169
0.996
0.9963
1.0081
1.015
0.9866
0.9811
0.9818
1.0107
0.9934
1.0021
0.9976
1.01
1.0136
1.0081
0.9976
0.9902
0.9991
0.9981
1.0022
1.0014
0.9949
1.0155
1.0044
0.9929
1.0085
0.9977
1.0035
0.9947
1.0269
0.9985
1.0075
1.0074
1.008
0.99
1.0128
