0.6141
0.3539
0.4497
0.3002
0.3182
0.3759
0.4552
0.3601
0.5103
0.4218
0.2605
0.353
0.4612
0.3807
0.2029
0.4491
0.4717
0.4121
0.3104
0.3632
0.3636
0.3497
0.5245
0.4187
0.4455
0.5125
0.3337
0.3625
0.4627
0.3685
0.4133
0.4897
0.4853
0.3662
0.3121
0.2987
0.3938
0.3367
0.4275
0.4193
0.4148
0.2896
0.4953
0.3928
0.419
0.4506
0.3187
0.355
0.3912
0.4237
0.4506
0.588
0.4531
0.2726
0.3457
0.3346
0.3011
0.3933
0.3084
0.3513
0.4573
0.3452
0.4795
0.4864
0.3
0.4092
0.3358
0.3289
0.3204
0.5049
0.5062
0.5776
0.2512
0.439
0.3465
0.5112
0.3639
0.341
0.3511
0.457
0.4005
0.4149
0.3599
0.4109
0.3697
0.36
0.302
0.3828
0.5311
0.3449
0.3514
0.4604
0.4002
0.2281
0.4871
0.3071
0.2645
0.4343
0.4664
0.3788
