0.2476
0.216
0.2313
0.17
0.2175
0.1839
0.2391
0.2082
0.2408
0.1933
0.2468
0.2355
0.2381
0.1934
0.2375
0.2194
0.2308
0.2017
0.2001
0.2353
0.2058
0.2698
0.17
0.2842
0.2191
0.2036
0.237
0.2077
0.2128
0.236
0.209
0.2485
0.2022
0.1948
0.2197
0.2141
0.2085
0.2442
0.2312
0.1682
0.2263
0.208
0.1939
0.2384
0.1872
0.1844
0.1728
0.2227
0.2317
0.2032
0.2428
0.1946
0.2523
0.198
0.2265
0.1667
0.2006
0.1983
0.1566
0.229
0.2126
0.1804
0.2259
0.2235
0.2169
0.2611
0.2083
0.2114
0.2572
0.1904
0.2582
0.1886
0.2648
0.2601
0.2217
0.1997
0.2425
0.1617
0.2106
0.2424
0.2239
0.2165
0.228
0.2116
0.1462
0.2115
0.1503
0.236
0.209
0.2677
0.2505
0.1833
0.2253
0.1913
0.1939
0.2034
0.2311
0.2093
0.214
0.2217
