1.0098
1.0293
1.022
1.0223
1.0227
1.0311
1.0156
1.0231
1.015
1.0273
1.0237
1.0286
1.0264
1.0206
1.0347
1.0218
1.0189
1.0222
1.0379
1.0084
1.022
1.0256
1.0017
1.0246
1.0248
1.0182
1.0315
1.0139
1.0205
1.0164
1.023
1.0137
1.0083
1.0286
1.0276
1.026
1.0169
1.0243
1.021
1.0179
1.0156
1.0276
1.0215
1.0121
1.0224
1.0056
1.0289
1.0193
1.0294
1.0222
1.0185
1.0075
1.0223
1.0287
1.0234
1.0266
1.0131
1.0247
1.0348
1.0272
1.0242
1.0259
1.0129
1.0181
1.036
1.0161
1.0115
1.0265
1.0385
1.0136
1.0046
1.0079
1.0249
1.0133
1.0234
1.0231
1.0276
1.0312
1.031
1.0189
1.011
1.019
1.0211
1.0226
1.0252
1.0143
1.035
1.026
1.0169
1.0264
1.0164
1.0248
1.0215
1.0421
1.0212
1.0224
1.0243
1.03
1.0152
1.0332
