1.0106
1.0139
1.0098
1.0201
1.0204
0.9961
1.0212
1.0163
1.0066
1.0071
1.0177
1.0153
1.009
1.0146
0.9959
1.0208
1.0029
1.0132
1.0137
1.0231
1.0192
1.0171
1.0097
1.0113
1.0104
1.0231
1.0083
1.0116
1.0289
1.0135
1.0349
1.0154
1.0166
1.0079
0.9955
1.0119
1.0223
1.0094
1.0048
1.
1.0019
1.0102
1.0122
1.004
1.0193
1.0185
1.0114
1.0172
1.0239
0.9954
1.0091
1.0111
1.0092
1.0308
1.0159
1.0178
1.0183
1.0141
1.0051
1.0271
1.0085
1.0127
1.0301
1.0104
1.0137
1.0209
1.0083
1.0239
1.0146
1.0037
1.0056
0.9982
0.9999
1.0114
1.0344
1.0051
1.0222
1.0088
1.0233
1.0256
1.0088
1.0052
1.0107
1.0105
1.0237
1.0132
0.9987
1.0192
1.0151
1.0087
1.0047
1.0127
1.0144
0.9955
1.0156
1.0119
1.0202
0.9975
1.0149
1.0139
