0.1577
0.1643
0.2426
0.1422
0.135
0.1259
0.1696
0.1909
0.0964
0.1187
0.1248
0.1318
0.1794
0.1316
0.1638
0.1999
0.1746
0.1662
0.1716
0.1947
0.2038
0.1261
0.1305
0.1721
0.1302
0.154
0.1338
0.2128
0.1853
0.2286
0.1075
0.1394
0.1268
0.1668
0.1436
0.1961
0.1892
0.0704
0.2107
0.1594
0.1563
0.2178
0.1631
0.1925
0.1089
0.1386
0.1653
0.1183
0.1244
0.1575
0.1316
0.1223
0.0954
0.1849
0.158
0.1246
0.1415
0.1849
0.1407
0.1131
0.202
0.1858
0.1142
0.0898
0.1511
0.2014
0.206
0.1757
0.2257
0.2141
0.1781
0.1611
0.1087
0.2054
0.1617
0.1613
0.1504
0.1536
0.1575
0.1877
0.1389
0.1758
0.1119
0.237
0.2182
0.1419
0.1147
0.3376
0.0707
0.1941
0.108
0.1637
0.1705
0.1939
0.167
0.2115
0.1614
0.1343
0.1238
0.1434
