0.4769
0.3814
0.4623
0.3723
0.378
0.3128
0.4703
0.4611
0.3427
0.3048
0.3148
0.3366
0.3416
0.3498
0.3926
0.4334
0.3941
0.4394
0.498
0.446
0.4308
0.3915
0.4164
0.4353
0.4038
0.4355
0.3372
0.4583
0.3983
0.4875
0.3601
0.3641
0.3697
0.4103
0.435
0.458
0.4306
0.288
0.4178
0.3686
0.4251
0.4582
0.4058
0.492
0.3623
0.3886
0.4053
0.366
0.3212
0.4359
0.3797
0.4214
0.3463
0.3803
0.3885
0.3168
0.3825
0.4443
0.3787
0.3407
0.4126
0.4162
0.3565
0.3581
0.3718
0.4534
0.4408
0.4224
0.4752
0.4968
0.4185
0.387
0.2958
0.4372
0.3705
0.3833
0.3828
0.3676
0.3757
0.418
0.3805
0.4082
0.3789
0.527
0.4891
0.4065
0.3424
0.6531
0.3174
0.4175
0.3688
0.4537
0.4102
0.4223
0.3589
0.4231
0.4284
0.3827
0.3639
0.3629
