1.0166
1.0036
0.9972
0.9981
1.0036
1.0086
1.0053
1.0032
0.9864
0.9925
0.999
0.9979
0.9881
1.0003
0.9934
1.0121
0.9924
1.0041
1.0123
0.9971
0.9982
0.9891
1.0075
0.9961
1.002
1.0072
0.996
0.9989
1.0067
1.0066
1.0043
1.0047
1.0095
0.9904
0.9932
1.0135
0.9981
1.003
0.9961
0.9885
1.0021
1.0112
1.0023
0.9935
0.9913
0.998
0.9904
1.0099
1.0065
0.9935
1.0088
0.9965
0.9958
0.9956
1.0186
0.995
0.9905
0.9932
0.9931
1.0101
0.9823
1.0078
1.005
1.002
1.0052
1.0041
0.9853
1.0066
1.0087
0.9849
0.9976
0.9913
1.0085
0.9821
1.0016
0.9928
1.0055
0.9859
0.9992
0.9932
1.0016
0.9999
0.9872
0.994
0.9971
0.997
1.0009
1.0156
1.0051
1.0143
1.0018
1.0161
0.9983
0.9832
1.0055
0.9975
0.9926
1.0057
1.0071
0.9959
