1.0133
1.0132
1.0243
1.0226
1.0206
1.0195
1.016
1.0257
1.0098
1.032
1.0218
1.0176
1.017
1.0279
1.0188
1.0187
1.0251
1.0202
1.0311
1.0257
1.0183
1.0161
1.0088
1.0224
1.0153
1.0169
1.0072
1.0171
1.0215
1.0238
1.0193
1.0173
1.0204
1.0041
1.0202
1.0254
1.0161
1.0028
1.0078
1.0212
1.0097
1.0221
1.0079
1.0219
1.0176
1.0174
1.0129
1.0247
1.0278
1.0168
1.0211
1.0285
1.0272
1.0225
1.0133
1.0146
1.0183
1.0144
1.0188
1.0267
1.024
1.0221
1.0255
1.0094
1.0205
1.0208
1.0124
1.0128
1.025
1.0178
1.0164
1.0134
1.003
1.02
1.0333
1.035
1.0159
1.0247
1.0256
1.0271
1.0258
1.0209
1.0145
1.0234
1.0223
1.0183
1.021
1.0205
1.0225
1.0162
1.0178
1.0282
1.0213
1.0272
1.028
1.0264
1.02
1.0314
1.0269
1.0177
