0.4119
0.4712
0.4358
0.4219
0.3724
0.4205
0.4882
0.3598
0.4808
0.3726
0.3787
0.395
0.3801
0.4194
0.4085
0.3756
0.4065
0.3753
0.4127
0.4268
0.4278
0.3284
0.3536
0.4492
0.484
0.3982
0.4231
0.4202
0.416
0.3965
0.3601
0.3138
0.4795
0.3837
0.4227
0.4233
0.3169
0.396
0.4127
0.426
0.4019
0.4029
0.305
0.4745
0.4357
0.4108
0.4029
0.4137
0.422
0.3595
0.3183
0.4425
0.4837
0.3945
0.4498
0.3382
0.3638
0.4002
0.3779
0.4107
0.3801
0.3591
0.2789
0.3513
0.4296
0.3339
0.331
0.366
0.4566
0.3061
0.3355
0.3477
0.4021
0.4054
0.3866
0.4225
0.3651
0.3799
0.383
0.3644
0.3882
0.4971
0.4097
0.3668
0.5242
0.3291
0.3755
0.2921
0.3388
0.3023
0.3663
0.3262
0.511
0.3334
0.3882
0.4679
0.3834
0.4427
0.3264
0.4186
