0.1668
0.1914
0.2157
0.2256
0.1395
0.1764
0.1353
0.1743
0.2105
0.1611
0.2415
0.2715
0.1264
0.1578
0.192
0.1165
0.1724
0.223
0.205
0.1306
0.1839
0.106
0.181
0.1635
0.1616
0.1886
0.1771
0.1963
0.1307
0.1697
0.1642
0.1011
0.1635
0.1272
0.1561
0.1866
0.144
0.1466
0.178
0.1271
0.171
0.1119
0.1528
0.2424
0.1928
0.1425
0.1423
0.1748
0.1428
0.1568
0.1431
0.148
0.0812
0.1237
0.1834
0.1628
0.0787
0.1364
0.1906
0.1674
0.123
0.136
0.1344
0.1512
0.1636
0.0955
0.0937
0.1439
0.1597
0.2407
0.2823
0.1323
0.1874
0.173
0.1379
0.1941
0.1287
0.1409
0.1572
0.177
0.2588
0.1505
0.1723
0.2315
0.1551
0.2393
0.1931
0.1289
0.1422
0.1236
0.181
0.1608
0.2021
0.1411
0.1575
0.1725
0.1939
0.2191
0.1776
0.1305
