0.2246
0.3749
0.4758
0.409
0.4109
0.2714
0.3783
0.3263
0.5153
0.4258
0.4469
0.3698
0.5221
0.4342
0.4703
0.2985
0.4814
0.3898
0.3617
0.3902
0.3807
0.4917
0.346
0.5177
0.3068
0.4798
0.4306
0.3834
0.4042
0.3513
0.3775
0.4148
0.3398
0.51
0.4141
0.2935
0.4151
0.383
0.4077
0.5105
0.4182
0.2548
0.4039
0.4133
0.4003
0.4524
0.3957
0.2956
0.2894
0.4469
0.3194
0.4512
0.3988
0.4712
0.2649
0.4953
0.4125
0.4575
0.3441
0.3221
0.4578
0.255
0.4011
0.3879
0.311
0.3988
0.4901
0.3717
0.4386
0.4635
0.4049
0.5184
0.3112
0.5711
0.3471
0.5247
0.4518
0.4819
0.3749
0.484
0.2961
0.3893
0.5176
0.4448
0.4144
0.4386
0.3912
0.1944
0.3728
0.2104
0.428
0.3046
0.5044
0.5544
0.3149
0.4315
0.3954
0.3318
0.3452
0.4491
