0.2799
0.2158
0.2431
0.1746
0.1914
0.2334
0.2342
0.2033
0.2437
0.2331
0.1741
0.2157
0.2535
0.202
0.1666
0.2376
0.2482
0.2221
0.2187
0.1679
0.2047
0.2135
0.215
0.2353
0.2451
0.2625
0.2187
0.1791
0.2428
0.2041
0.22
0.235
0.2195
0.2124
0.194
0.1983
0.1982
0.2027
0.2369
0.2159
0.2192
0.1839
0.27
0.1964
0.2243
0.2069
0.2004
0.1971
0.2397
0.2242
0.2308
0.2525
0.238
0.1797
0.2006
0.1909
0.1563
0.2211
0.2098
0.2121
0.2468
0.2007
0.2331
0.2389
0.2079
0.2101
0.1699
0.1994
0.2155
0.2365
0.2214
0.2628
0.163
0.218
0.1927
0.2692
0.2238
0.2202
0.2115
0.2375
0.1885
0.2214
0.1895
0.2273
0.2039
0.1786
0.2055
0.2193
0.2679
0.2089
0.1827
0.2587
0.2033
0.1975
0.2607
0.1843
0.1625
0.257
0.2244
0.2406
