1.0364
1.0147
1.0022
1.0216
1.0248
1.0155
1.0302
1.0206
1.033
1.0164
1.0162
1.0183
1.0007
1.0202
1.0168
1.0118
1.0134
1.0259
1.0354
1.0173
1.0098
1.0313
1.0345
1.0235
1.0321
1.0295
1.0175
1.0123
1.0104
1.0122
1.0323
1.021
1.0266
1.0195
1.0339
1.0185
1.0152
1.0318
1.0043
1.0142
1.0269
1.0087
1.0203
1.0264
1.0316
1.0262
1.0196
1.0293
1.0178
1.0282
1.0268
1.0385
1.0334
1.0077
1.0186
1.0165
1.024
1.0195
1.0235
1.0263
1.0063
1.0143
1.028
1.0389
1.018
1.0155
1.0115
1.019
1.0108
1.0182
1.0169
1.0174
1.0185
1.0103
1.0139
1.0165
1.0203
1.0172
1.0172
1.0133
1.024
1.0165
1.0338
1.0176
1.0172
1.0282
1.0254
1.0045
1.0368
1.0106
1.0339
1.0298
1.0185
1.0126
1.0091
1.0058
1.0247
1.0264
1.0268
1.0187
