0.3933
0.392
0.5689
0.3476
0.3255
0.3392
0.4134
0.4767
0.261
0.3061
0.3087
0.3345
0.4479
0.3285
0.3664
0.4619
0.4198
0.4369
0.4528
0.4711
0.4982
0.3491
0.3203
0.4303
0.3622
0.3849
0.3365
0.4844
0.4441
0.5843
0.2772
0.359
0.2883
0.4214
0.3896
0.4668
0.4447
0.2069
0.5015
0.3741
0.3958
0.4851
0.3931
0.4818
0.2763
0.3594
0.4404
0.3156
0.2843
0.3972
0.3421
0.3257
0.2442
0.4439
0.39
0.2845
0.3624
0.44
0.3799
0.2997
0.4796
0.4647
0.275
0.2752
0.3753
0.4951
0.5028
0.4443
0.5566
0.504
0.4111
0.3957
0.2645
0.4478
0.3966
0.4151
0.3741
0.4214
0.4091
0.4576
0.345
0.4307
0.2807
0.5835
0.5438
0.3891
0.2564
0.7915
0.1839
0.4625
0.3008
0.3965
0.4396
0.4834
0.3969
0.5146
0.3815
0.3391
0.3442
0.3444
