1.0014
0.9796
0.987
0.9857
1.014
0.9965
0.9986
0.9909
0.9947
1.0097
0.9769
0.9696
1.0157
1.0096
0.9954
1.0056
0.9982
0.98
0.9802
1.0099
0.9853
1.0154
0.9971
1.0098
1.0013
0.9962
1.0001
0.9857
1.0034
1.0017
1.0119
1.0144
0.9896
1.0068
1.0056
0.9913
1.0068
0.995
0.9896
1.0045
0.997
1.0148
1.0075
0.9779
0.9913
1.0087
0.9948
0.9881
1.0147
1.0034
0.9947
0.9966
1.0243
1.004
0.9991
1.0014
1.021
1.0052
0.9831
0.985
0.9972
1.0044
0.9996
1.0138
0.9876
1.0135
1.0142
1.0053
1.0093
0.9813
0.9734
0.9981
0.9964
0.9904
1.0047
0.9929
0.9983
0.9959
0.9981
0.9936
0.9706
1.0023
1.0077
0.9829
0.9998
0.9793
0.996
1.0089
1.0201
1.0186
0.9979
1.0037
0.9875
1.003
0.9986
0.9933
0.9973
0.9931
1.0008
1.0113
