0.4021
0.3566
0.4541
0.2879
0.3993
0.3885
0.4324
0.4553
0.4229
0.504
0.4495
0.3338
0.4045
0.395
0.3216
0.3719
0.496
0.4195
0.4334
0.405
0.2699
0.3965
0.3333
0.5418
0.4534
0.4316
0.5014
0.3154
0.4516
0.4277
0.3821
0.4302
0.3556
0.4291
0.428
0.316
0.3813
0.409
0.3692
0.3736
0.4043
0.3676
0.416
0.4553
0.3834
0.4432
0.4052
0.5028
0.4006
0.4686
0.2507
0.3828
0.2997
0.3991
0.3183
0.439
0.3531
0.2696
0.4544
0.372
0.378
0.4291
0.3274
0.4005
0.3014
0.5634
0.3971
0.3246
0.3314
0.3367
0.3605
0.46
0.3645
0.3753
0.4518
0.4867
0.4222
0.4779
0.3254
0.3127
0.4127
0.4524
0.3639
0.4142
0.355
0.3424
0.4373
0.3732
0.4647
0.4941
0.4206
0.4714
0.3521
0.443
0.3786
0.4607
0.3734
0.5282
0.3755
0.3966
