0.2201
0.2537
0.2382
0.2266
0.1982
0.229
0.2594
0.192
0.263
0.1995
0.2051
0.2151
0.2034
0.2275
0.2171
0.2024
0.2189
0.203
0.2233
0.2316
0.2329
0.1768
0.1903
0.2414
0.2587
0.2136
0.2288
0.2254
0.2248
0.2143
0.1934
0.169
0.2606
0.2082
0.2267
0.2277
0.1694
0.212
0.2229
0.2333
0.2157
0.2171
0.1623
0.2568
0.2334
0.222
0.2183
0.2221
0.2275
0.1933
0.1707
0.2414
0.2582
0.2123
0.2418
0.1828
0.1946
0.2159
0.204
0.2217
0.2048
0.1941
0.1496
0.1898
0.2331
0.1796
0.1778
0.1955
0.2445
0.1639
0.1805
0.1892
0.2177
0.2172
0.2091
0.2291
0.1972
0.2036
0.2059
0.1945
0.2102
0.2682
0.2202
0.196
0.2834
0.1769
0.2038
0.1572
0.1816
0.1629
0.1987
0.1759
0.2715
0.1793
0.2086
0.2504
0.2079
0.238
0.1757
0.2219
