0.2138
0.1505
0.1443
0.1943
0.1428
0.1814
0.1447
0.1122
0.1461
0.1104
0.1081
0.0957
0.1727
0.1562
0.1213
0.2029
0.1553
0.1172
0.1414
0.1785
0.1717
0.0872
0.1776
0.1482
0.1035
0.2265
0.1564
0.156
0.1672
0.1627
0.1407
0.156
0.1682
0.1261
0.1576
0.1346
0.1101
0.134
0.1905
0.171
0.2445
0.1925
0.1388
0.1763
0.1814
0.1984
0.2103
0.2029
0.1721
0.1595
0.1721
0.1584
0.1046
0.1544
0.1315
0.1897
0.1343
0.1574
0.1298
0.1666
0.2436
0.1486
0.1528
0.2105
0.1695
0.1506
0.1187
0.2018
0.1442
0.1618
0.1887
0.1199
0.1462
0.1602
0.1439
0.1412
0.1737
0.1466
0.1735
0.181
0.1333
0.1562
0.1789
0.1035
0.1824
0.1751
0.1547
0.1719
0.1228
0.1769
0.1569
0.0867
0.1792
0.1397
0.1591
0.2167
0.1934
0.148
0.1319
0.1607
