0.2418
0.1936
0.2375
0.2564
0.2253
0.2313
0.1874
0.2269
0.2539
0.2472
0.2451
0.274
0.2333
0.2419
0.2535
0.183
0.2336
0.2444
0.2166
0.2078
0.2168
0.1869
0.2418
0.2388
0.2172
0.2326
0.2255
0.2207
0.1813
0.2428
0.2271
0.1876
0.1902
0.2084
0.2135
0.2406
0.2233
0.1881
0.2183
0.1936
0.1994
0.1974
0.2051
0.2681
0.2365
0.2196
0.1909
0.1915
0.2386
0.2212
0.1725
0.1912
0.2035
0.1867
0.2386
0.217
0.1779
0.1979
0.2134
0.1938
0.1615
0.2079
0.19
0.2271
0.196
0.1681
0.1885
0.2027
0.2125
0.2584
0.3085
0.1825
0.2316
0.1929
0.1998
0.2445
0.1544
0.1718
0.2114
0.2236
0.2522
0.2153
0.2434
0.2622
0.2032
0.2572
0.2463
0.2083
0.2441
0.2204
0.2164
0.2158
0.2325
0.2162
0.2177
0.2271
0.2576
0.2582
0.2329
0.1998
