0.2602
0.2046
0.2486
0.2017
0.2032
0.1674
0.2541
0.2482
0.1853
0.1634
0.1687
0.1822
0.1812
0.186
0.2102
0.2328
0.2119
0.2391
0.2709
0.2433
0.2308
0.2121
0.2263
0.2369
0.218
0.2362
0.1816
0.2471
0.2142
0.2628
0.1958
0.1965
0.2001
0.2211
0.2377
0.2482
0.2313
0.1563
0.2226
0.1987
0.2309
0.2418
0.2191
0.2664
0.1963
0.2105
0.2195
0.1983
0.1724
0.2347
0.2051
0.23
0.1868
0.2058
0.2087
0.169
0.2076
0.2391
0.2058
0.1847
0.2193
0.2253
0.1903
0.1968
0.2008
0.244
0.2381
0.2291
0.2561
0.2648
0.225
0.2091
0.1583
0.2342
0.1997
0.2055
0.2064
0.2008
0.2054
0.2242
0.2043
0.2218
0.206
0.2876
0.2661
0.2198
0.1842
0.3505
0.1708
0.2233
0.2016
0.2468
0.2217
0.2292
0.1919
0.2274
0.2296
0.2066
0.1977
0.1944
