0.4388
0.4637
0.5073
0.5461
0.3474
0.4469
0.3548
0.4656
0.4964
0.4104
0.5726
0.6663
0.3482
0.3943
0.4892
0.3114
0.4412
0.5546
0.4985
0.337
0.4779
0.271
0.4628
0.3965
0.397
0.4558
0.4184
0.4883
0.3221
0.4349
0.3646
0.2756
0.4072
0.3499
0.3685
0.4821
0.3781
0.3714
0.4572
0.337
0.3889
0.2917
0.3455
0.6096
0.4843
0.3615
0.3813
0.4139
0.3666
0.3916
0.3538
0.3719
0.2506
0.3285
0.445
0.394
0.2229
0.3438
0.4779
0.4313
0.3139
0.3634
0.354
0.3552
0.4227
0.2474
0.2757
0.3521
0.3517
0.5786
0.7022
0.35
0.4525
0.4104
0.3481
0.4856
0.2989
0.3432
0.4015
0.446
0.6202
0.3835
0.4115
0.574
0.3791
0.5839
0.4808
0.3385
0.353
0.3111
0.4158
0.3819
0.4965
0.3851
0.4087
0.455
0.4884
0.5157
0.4261
0.3152
