0.4526
0.4346
0.4374
0.4324
0.3739
0.453
0.4097
0.3606
0.3568
0.4024
0.3476
0.3181
0.4488
0.3947
0.354
0.4133
0.4492
0.3634
0.3425
0.4431
0.3854
0.3189
0.5133
0.3706
0.3077
0.4822
0.3785
0.433
0.4695
0.4584
0.3365
0.3811
0.3679
0.3379
0.3871
0.3242
0.3877
0.376
0.4945
0.3881
0.5594
0.4053
0.3821
0.4167
0.3782
0.4427
0.4605
0.418
0.4253
0.4115
0.4486
0.3916
0.3856
0.3851
0.3748
0.4503
0.3231
0.4192
0.3525
0.4107
0.4905
0.3635
0.3732
0.4309
0.3561
0.3882
0.3569
0.4854
0.3955
0.3922
0.4016
0.3575
0.4199
0.397
0.3626
0.3863
0.4801
0.3891
0.3897
0.4154
0.3046
0.3775
0.4436
0.3685
0.4082
0.3926
0.414
0.3957
0.3299
0.4236
0.385
0.3672
0.4025
0.3494
0.3807
0.5019
0.3922
0.3859
0.3653
0.4032
