1.0844
1.0728
1.0606
1.0756
1.0963
1.0733
1.0251
1.0732
1.0884
1.0789
1.0342
1.0771
1.0135
1.0638
1.043
1.0595
1.0502
1.0671
1.0637
1.0177
1.0621
1.0323
1.0405
1.0273
1.1009
1.0581
1.0434
1.0853
1.0544
1.0594
1.0426
1.069
1.074
1.0226
1.066
1.0466
1.0443
1.0865
1.098
1.0706
1.0709
1.0553
1.0674
1.0578
1.0705
1.1366
1.0737
1.0807
1.0558
1.0793
1.0384
1.0649
1.0249
1.0795
1.0592
1.0653
1.0425
1.0453
1.0134
1.044
1.0928
1.0406
1.0312
1.0183
1.024
1.0903
1.0361
1.0864
1.0119
1.0696
1.0619
1.0644
1.0919
1.057
1.065
1.0736
1.0937
1.0707
1.1029
1.0738
1.0613
1.0754
1.0673
1.082
1.0441
1.0495
1.0662
1.0481
1.1055
1.0775
1.0429
1.0943
1.055
1.0532
1.1062
1.0504
1.0457
1.0949
1.127
1.058
