1.0644
1.0582
1.0433
1.0624
1.046
1.0893
1.0809
1.0436
1.0511
1.0834
1.043
1.0128
1.0619
1.0576
1.0523
1.0249
1.0819
1.0296
1.0606
1.0595
1.0597
1.0589
1.0439
1.0562
1.0572
1.0467
1.0177
1.0383
1.0494
1.0182
1.044
1.0361
1.0663
1.0557
1.0558
1.0322
1.0438
1.07
1.0452
1.0468
1.0507
1.0757
1.0313
1.0652
1.0384
1.079
1.0339
1.0539
1.0864
1.0557
1.0476
1.026
1.0703
1.0127
1.0659
1.0568
0.9967
1.0466
1.0142
1.036
1.0693
0.9747
1.0873
1.016
1.0269
1.0467
1.0576
1.0557
1.0681
1.0484
1.0696
1.0315
1.0451
1.0555
1.0822
1.0537
1.0838
1.0247
1.0453
1.0447
1.001
1.0492
1.0761
1.0164
1.0675
1.0505
1.0428
1.0775
1.0291
1.0501
1.0415
1.065
1.0742
1.0517
1.0402
1.0586
1.0816
1.0579
1.0696
1.0073
