0.3187
0.2736
0.3325
0.4384
0.3502
0.3174
0.3645
0.2908
0.3139
0.2812
0.3132
0.2997
0.2886
0.3323
0.3401
0.3172
0.3585
0.3584
0.3327
0.3404
0.293
0.3606
0.355
0.4045
0.3691
0.328
0.3636
0.323
0.3326
0.3445
0.34
0.3143
0.2737
0.2548
0.3459
0.3655
0.3471
0.3337
0.3434
0.3539
0.3141
0.3179
0.31
0.2928
0.324
0.3694
0.2896
0.3606
0.3154
0.3303
0.3332
0.336
0.3542
0.3003
0.2936
0.3728
0.3011
0.3531
0.3455
0.3607
0.3575
0.2953
0.3729
0.2881
0.3424
0.2957
0.3192
0.3356
0.3389
0.2777
0.2861
0.4265
0.3334
0.3182
0.3546
0.3578
0.3329
0.3073
0.4306
0.2936
0.3491
0.3321
0.3293
0.3706
0.3466
0.3401
0.2703
0.3229
0.3369
0.3185
0.3094
0.3328
0.3319
0.2997
0.3282
0.3371
0.3597
0.3858
0.3158
0.3166
