0.391219
0.368367
0.392484
0.413288
0.398933
0.406476
0.408938
0.383148
0.404681
0.373019
0.426990
0.383353
0.385372
0.402823
0.412059
0.388372
0.403138
0.397862
0.387624
0.432275
0.398778
0.413213
0.420604
0.392520
0.384116
0.414619
0.397320
0.432961
0.397060
0.423380
0.437970
0.390811
0.388929
0.387284
0.385693
0.382289
0.387015
0.410150
0.399683
0.385794
0.389508
0.402795
0.372627
0.372307
0.405332
0.383561
0.410007
0.408660
0.395579
0.453281
0.386222
0.412140
0.406847
0.396417
0.396385
0.425431
0.407508
0.422437
0.386646
0.397053
0.423657
0.386193
0.419653
0.405160
0.404085
0.397899
0.394204
0.413387
0.405770
0.392228
0.406787
0.414117
0.392613
0.396801
0.396111
0.405097
0.400547
0.410296
0.430725
0.391399
0.401083
0.410792
0.382848
0.381129
0.370323
0.421711
0.370417
0.422641
0.403896
0.375932
0.402474
0.367320
0.392671
0.390032
0.402083
0.412432
0.381963
0.401102
0.399734
0.407049
