1.0213
1.0678
1.0528
1.0651
1.021
1.0961
1.0496
1.0434
1.0411
1.0448
1.035
1.0597
1.0422
1.047
1.0311
1.0436
1.0624
1.0114
1.0932
1.052
1.0588
1.0873
1.0296
1.0879
1.0248
1.0412
1.0584
1.0439
1.0334
1.0582
1.0423
1.0549
1.0404
1.0448
1.0468
1.0525
1.0704
1.0498
1.0774
1.0879
1.0551
1.0848
1.0325
1.0702
1.0706
1.0363
1.0556
1.0726
1.0516
1.0687
1.0177
1.0785
1.0374
1.0757
1.0309
1.0517
1.0773
1.0752
1.0879
1.066
1.0595
1.0491
1.0669
1.0845
1.086
1.0472
1.0537
1.0444
1.0576
1.0432
1.0415
1.0428
1.0674
1.0713
1.058
1.0219
1.0437
1.0438
1.1179
1.0644
1.0738
1.0745
1.0421
1.0779
0.9955
1.0439
1.0504
1.0937
1.0551
1.0626
1.0392
1.0504
1.0531
1.0424
1.0315
1.0615
1.0897
1.0766
1.0617
1.0602
