1.067
1.0454
1.0057
1.0687
1.0426
1.0671
1.0972
1.0482
1.0263
1.0733
1.0622
1.0764
1.0375
1.0235
1.0357
1.0499
1.0279
1.0125
1.1127
1.0234
1.0776
1.0741
1.0418
1.0551
1.0418
1.0312
1.0879
1.0727
1.0819
1.0826
1.0662
1.1211
1.0437
1.0813
1.0716
1.0408
1.065
1.0363
1.0302
1.0587
1.0568
1.0415
1.0866
1.0369
1.0871
1.0918
1.0862
1.0552
1.0529
1.0275
1.0315
1.1056
1.0549
1.0675
1.06
1.0814
1.1097
1.098
1.0835
1.042
1.0573
1.12
1.0882
1.0201
1.0316
1.0991
1.0507
1.071
1.057
1.0299
1.0672
1.0622
1.0565
1.0707
1.0456
1.0624
1.0405
1.0827
1.0427
1.059
1.0257
1.0541
1.0578
1.0575
1.0268
1.0269
1.0849
1.1066
1.0542
1.0597
1.0871
1.0656
1.0805
1.0491
1.099
1.0478
1.0694
1.1063
1.0632
1.0595
