0.3845
0.3789
0.3687
0.3915
0.4025
0.3645
0.3765
0.4165
0.3988
0.3367
0.3868
0.4084
0.3713
0.3693
0.4018
0.4015
0.3766
0.4231
0.4032
0.3819
0.3955
0.3898
0.3997
0.4127
0.4113
0.3875
0.4366
0.4024
0.403
0.4015
0.4052
0.432
0.3831
0.4348
0.4
0.3935
0.412
0.401
0.3986
0.4604
0.3904
0.3974
0.4207
0.3497
0.3694
0.3366
0.3948
0.3844
0.3739
0.3921
0.4248
0.4328
0.34
0.4211
0.3452
0.3758
0.4471
0.3919
0.3964
0.3622
0.3779
0.4688
0.3631
0.4355
0.4344
0.3644
0.4116
0.4309
0.361
0.4045
0.4129
0.4386
0.3685
0.4011
0.386
0.3823
0.386
0.4148
0.3734
0.4262
0.4505
0.3768
0.3927
0.4381
0.358
0.4039
0.3519
0.3556
0.4123
0.3922
0.4168
0.357
0.3942
0.3539
0.4147
0.3435
0.3839
0.3825
0.3959
0.4356
