0.384245
0.386254
0.440577
0.380588
0.407528
0.395516
0.407298
0.395437
0.378704
0.429502
0.398371
0.391409
0.382809
0.395082
0.430727
0.381762
0.419305
0.412084
0.391132
0.407906
0.433413
0.392410
0.392257
0.397805
0.390510
0.396954
0.398365
0.401583
0.412966
0.437125
0.383833
0.396218
0.407059
0.394315
0.398844
0.398387
0.385366
0.403586
0.397108
0.390542
0.419533
0.386749
0.372212
0.380025
0.397091
0.382352
0.398351
0.400211
0.399852
0.420680
0.406624
0.422445
0.406920
0.409368
0.414709
0.404539
0.413695
0.399934
0.381172
0.375048
0.388159
0.405744
0.420048
0.406730
0.384838
0.398732
0.406450
0.381462
0.397561
0.381065
0.436073
0.393212
0.397413
0.411254
0.373251
0.401307
0.354195
0.396501
0.398727
0.396066
0.414647
0.407303
0.377595
0.409677
0.394526
0.378378
0.397525
0.382155
0.378218
0.401618
0.405424
0.389223
0.405277
0.416213
0.400136
0.382769
0.411324
0.422732
0.396447
0.383618
