0.420957
0.395074
0.377649
0.414746
0.393216
0.409623
0.402544
0.406409
0.405404
0.390749
0.388535
0.375826
0.400104
0.391844
0.415765
0.384373
0.397359
0.427130
0.416828
0.429134
0.421076
0.396638
0.404402
0.408103
0.424935
0.405810
0.411541
0.405616
0.401622
0.389002
0.396993
0.415679
0.416036
0.422946
0.390145
0.387270
0.384616
0.410391
0.402728
0.438309
0.395144
0.422456
0.421924
0.383180
0.376373
0.399672
0.393273
0.405976
0.409646
0.416662
0.418233
0.405470
0.381619
0.398452
0.367301
0.389274
0.392991
0.401503
0.384996
0.381985
0.400761
0.408690
0.413178
0.406947
0.409793
0.397545
0.402811
0.449516
0.384608
0.388368
0.420252
0.421748
0.382927
0.400445
0.412560
0.405680
0.418653
0.413727
0.390405
0.399469
0.424788
0.376166
0.412620
0.399544
0.402040
0.415109
0.370953
0.387575
0.407810
0.408489
0.422797
0.380851
0.407330
0.391724
0.392898
0.367055
0.408750
0.397525
0.412848
0.391177
