1.066
1.0824
1.0576
1.0233
1.0633
1.0719
1.0491
1.072
1.0259
1.0693
1.1003
1.1078
1.0731
1.0794
1.0685
1.0734
1.0931
1.0423
1.0827
1.0763
1.0671
1.0448
1.0608
1.0338
1.033
1.0719
1.0299
1.0968
1.0388
1.0806
1.0721
1.0814
1.0784
1.0657
1.0297
1.0972
1.0557
1.0674
1.0548
1.0382
1.0681
1.0887
1.0833
1.0693
1.0581
1.081
1.0616
1.0796
1.0517
1.1228
0.9999
1.0515
1.0581
1.054
1.0815
1.0626
1.0771
1.0646
1.0637
1.0168
1.0559
1.0627
1.0635
1.0897
1.0887
1.0695
1.0541
1.0519
1.0543
1.1383
1.0977
1.029
1.0689
1.0716
1.034
1.06
1.0631
1.0937
1.065
1.0872
1.0331
1.0343
1.0554
1.0149
1.0352
1.0354
1.0913
1.0426
1.0565
1.083
1.0431
1.0814
1.0494
1.0863
1.0646
1.0359
1.0762
1.0718
1.1227
1.0464
