0.3574
0.3818
0.3954
0.3734
0.3993
0.3842
0.3943
0.4018
0.3834
0.4
0.3699
0.4045
0.4376
0.3376
0.4295
0.3874
0.4224
0.3652
0.3567
0.4075
0.3673
0.3521
0.4296
0.4409
0.459
0.3776
0.4276
0.3613
0.345
0.4239
0.366
0.371
0.4206
0.4101
0.4102
0.39
0.3761
0.4458
0.4006
0.3666
0.411
0.437
0.3476
0.4305
0.387
0.3505
0.383
0.3874
0.39
0.3872
0.4944
0.4245
0.3663
0.3991
0.376
0.3913
0.4566
0.45
0.4306
0.4241
0.4048
0.3706
0.398
0.3813
0.3147
0.4074
0.4072
0.3916
0.3429
0.4232
0.4341
0.4073
0.5103
0.3715
0.3907
0.4235
0.4385
0.3854
0.4353
0.4394
0.4905
0.3886
0.4189
0.4162
0.434
0.3388
0.3839
0.3571
0.4178
0.348
0.4399
0.4082
0.4148
0.4565
0.4153
0.3694
0.3696
0.4265
0.4985
0.3562
