0.3947
0.3373
0.4111
0.5421
0.4427
0.3956
0.4584
0.3545
0.3918
0.3421
0.3816
0.3738
0.3598
0.4141
0.4158
0.3887
0.4494
0.4586
0.4213
0.4195
0.3651
0.4491
0.4303
0.5071
0.4549
0.3992
0.4504
0.3941
0.4045
0.431
0.4119
0.3932
0.3339
0.3127
0.4236
0.4611
0.4273
0.4122
0.4096
0.4399
0.3919
0.3911
0.3771
0.3642
0.3976
0.4693
0.3572
0.4466
0.3785
0.4066
0.4112
0.4166
0.4473
0.3782
0.3589
0.462
0.3666
0.4301
0.4165
0.4404
0.4409
0.3611
0.457
0.3588
0.4298
0.365
0.3915
0.4133
0.4122
0.3566
0.3614
0.5246
0.4125
0.3927
0.4423
0.4398
0.4144
0.3869
0.5332
0.3688
0.4239
0.4067
0.4004
0.4561
0.4308
0.4182
0.339
0.3922
0.4111
0.3984
0.3828
0.4152
0.4065
0.383
0.4082
0.415
0.4373
0.4805
0.3997
0.3868
