1.0181
1.0642
1.0496
1.06
1.015
1.0789
1.0407
1.0343
1.0257
1.0416
1.026
1.0452
1.0349
1.0499
1.018
1.0376
1.0461
1.001
1.0824
1.0451
1.0474
1.0713
1.0167
1.0832
1.0206
1.0275
1.0479
1.0376
1.0182
1.0506
1.037
1.0397
1.0315
1.0293
1.0401
1.0514
1.0586
1.0389
1.0751
1.0966
1.0474
1.0671
1.0277
1.0693
1.0642
1.0303
1.0535
1.0633
1.0339
1.0681
1.0152
1.066
1.0275
1.0713
1.0202
1.0412
1.0667
1.0647
1.0828
1.0531
1.0532
1.0366
1.0563
1.0736
1.0826
1.039
1.0467
1.0386
1.0599
1.0469
1.0282
1.0303
1.0596
1.0616
1.0507
1.0198
1.0337
1.0388
1.1021
1.0499
1.0651
1.0634
1.039
1.0629
0.9863
1.0384
1.0526
1.0738
1.0477
1.0626
1.0316
1.0403
1.0382
1.0374
1.0228
1.0542
1.0744
1.0585
1.0563
1.0462
