0.3008
0.3037
0.3977
0.3333
0.3314
0.3154
0.3292
0.3418
0.3282
0.3397
0.3655
0.3304
0.341
0.3418
0.3558
0.3144
0.3344
0.3622
0.2614
0.3515
0.3027
0.3181
0.3787
0.3226
0.3481
0.3219
0.3122
0.3152
0.3261
0.3586
0.2886
0.3089
0.3303
0.3387
0.2891
0.2972
0.2628
0.3593
0.3279
0.2831
0.3133
0.3271
0.2874
0.2953
0.3281
0.3355
0.3154
0.2987
0.3338
0.3589
0.3695
0.3107
0.2882
0.3419
0.3034
0.3522
0.3327
0.3014
0.3245
0.3043
0.3176
0.296
0.3333
0.3664
0.3168
0.3048
0.3372
0.2701
0.2982
0.315
0.3163
0.3329
0.3063
0.303
0.3307
0.323
0.3626
0.317
0.3478
0.304
0.3374
0.3357
0.3159
0.3642
0.3836
0.3421
0.3578
0.271
0.3399
0.3579
0.2981
0.2832
0.3592
0.3744
0.3004
0.3099
0.3147
0.3236
0.3556
0.3489
