0.3681
0.3909
0.4279
0.4284
0.3545
0.4555
0.3891
0.3267
0.3721
0.3787
0.4252
0.3494
0.4643
0.4533
0.4239
0.365
0.4248
0.3987
0.3963
0.392
0.3792
0.3999
0.49
0.4174
0.4344
0.4086
0.4368
0.3876
0.3788
0.4274
0.3936
0.378
0.3881
0.4145
0.4075
0.4544
0.422
0.3655
0.4376
0.3545
0.4827
0.393
0.3724
0.3997
0.4141
0.3368
0.361
0.387
0.4225
0.3727
0.4578
0.4107
0.4349
0.4227
0.3954
0.4053
0.4185
0.4229
0.4134
0.4334
0.4002
0.454
0.4682
0.4906
0.4153
0.3659
0.4117
0.3665
0.4965
0.3737
0.3861
0.4301
0.3599
0.3798
0.3639
0.398
0.3435
0.372
0.3833
0.363
0.4181
0.3665
0.3249
0.4316
0.4027
0.4477
0.3892
0.4128
0.3936
0.3716
0.4059
0.4089
0.4223
0.4111
0.3942
0.4333
0.4246
0.3816
0.4162
0.468
