0.3765
0.38
0.4937
0.4162
0.4086
0.3969
0.4097
0.4293
0.4125
0.4215
0.453
0.4142
0.4275
0.4192
0.4385
0.3923
0.4108
0.4445
0.3236
0.4437
0.3749
0.3943
0.4752
0.4031
0.4342
0.3962
0.3863
0.3995
0.4094
0.4504
0.3682
0.391
0.4252
0.4342
0.3594
0.3724
0.3284
0.4406
0.4137
0.3541
0.3983
0.4003
0.3574
0.3682
0.415
0.4188
0.3966
0.3655
0.4151
0.4529
0.4686
0.3936
0.3551
0.4261
0.3841
0.4428
0.4198
0.3731
0.4108
0.3845
0.3931
0.3771
0.418
0.4537
0.3897
0.3892
0.4227
0.3384
0.3699
0.3961
0.3932
0.4163
0.3727
0.3771
0.4157
0.4011
0.4565
0.3947
0.4353
0.3714
0.4106
0.4295
0.4085
0.4562
0.4768
0.4245
0.4553
0.3411
0.4257
0.4534
0.3715
0.3493
0.4535
0.4693
0.3811
0.3799
0.3946
0.4174
0.4511
0.4423
