0.38
0.3905
0.399
0.3265
0.4461
0.3608
0.3885
0.4278
0.4114
0.431
0.3904
0.3965
0.4105
0.3929
0.4077
0.4408
0.3778
0.4208
0.3926
0.4317
0.3733
0.3755
0.3905
0.3865
0.4756
0.4582
0.3724
0.4142
0.4301
0.383
0.4147
0.4054
0.4032
0.3889
0.3634
0.4154
0.3534
0.4188
0.4098
0.3502
0.4248
0.3681
0.4316
0.3768
0.3554
0.4272
0.3984
0.4006
0.428
0.4243
0.4353
0.3613
0.3799
0.3575
0.396
0.3935
0.378
0.4036
0.3855
0.4106
0.4521
0.3941
0.3548
0.3985
0.348
0.4375
0.4525
0.4047
0.4093
0.4053
0.3801
0.4254
0.3711
0.3716
0.3796
0.3988
0.4217
0.3941
0.3653
0.3728
0.384
0.3774
0.4484
0.3933
0.4602
0.4539
0.4741
0.4011
0.4105
0.3887
0.3941
0.4237
0.4068
0.4495
0.4338
0.3795
0.3697
0.3705
0.4095
0.3856
