0.387342
0.421442
0.393536
0.404738
0.413703
0.407112
0.390280
0.376710
0.419862
0.406539
0.416205
0.383019
0.392958
0.409987
0.397365
0.398612
0.387965
0.391441
0.379967
0.369456
0.369115
0.391517
0.391716
0.383574
0.394258
0.410889
0.398801
0.413450
0.389471
0.404052
0.399930
0.408402
0.402235
0.406499
0.419901
0.415120
0.404177
0.410064
0.427756
0.388592
0.436110
0.385346
0.391456
0.376549
0.406295
0.380013
0.392983
0.399344
0.407033
0.404022
0.413844
0.392180
0.415284
0.393055
0.410212
0.384054
0.424437
0.413097
0.395968
0.402485
0.411849
0.416616
0.431743
0.405134
0.406002
0.406239
0.406535
0.407598
0.391948
0.408151
0.390889
0.383480
0.394730
0.384378
0.356900
0.396647
0.406242
0.392323
0.418965
0.425033
0.386946
0.401954
0.394323
0.388578
0.392362
0.399006
0.385634
0.403764
0.396930
0.417756
0.398144
0.410885
0.420180
0.406477
0.411723
0.394424
0.390640
0.395661
0.433091
0.400845
