1.0471
1.0731
1.031
1.0274
1.0409
1.0551
1.0254
1.0562
1.0158
1.0549
1.0914
1.0875
1.0523
1.0776
1.0571
1.0617
1.0841
1.0214
1.0819
1.0633
1.0462
1.028
1.0536
1.0376
1.0237
1.062
1.0335
1.0832
1.0344
1.0631
1.0586
1.056
1.0535
1.0564
1.0121
1.0864
1.0433
1.0509
1.0536
1.0194
1.0528
1.087
1.0671
1.053
1.0419
1.0565
1.0442
1.0557
1.0423
1.0911
0.9913
1.0393
1.0445
1.039
1.0729
1.0451
1.0648
1.0417
1.052
0.9958
1.0389
1.0497
1.061
1.0713
1.0684
1.0544
1.0399
1.0345
1.0359
1.1106
1.0768
1.0088
1.0492
1.0635
1.0232
1.0475
1.05
1.0775
1.0582
1.0686
1.033
1.0285
1.0377
0.9983
1.0262
1.0157
1.07
1.0344
1.0366
1.0644
1.0235
1.071
1.0302
1.0632
1.0594
1.0335
1.0489
1.059
1.0901
1.037
