0.377688
0.398052
0.402066
0.379508
0.390653
0.372750
0.386470
0.398329
0.394871
0.378507
0.381453
0.392993
0.393562
0.375051
0.387743
0.404144
0.383741
0.384342
0.409768
0.410028
0.391464
0.409217
0.393078
0.411049
0.408789
0.405103
0.394581
0.402493
0.421167
0.399436
0.405739
0.403528
0.400890
0.397120
0.376158
0.396473
0.399530
0.415085
0.399021
0.382724
0.387123
0.398138
0.387097
0.382518
0.401838
0.386660
0.400106
0.415900
0.434034
0.410339
0.400140
0.390775
0.381894
0.382656
0.397949
0.395770
0.399100
0.402048
0.421514
0.420443
0.421946
0.372535
0.401057
0.403465
0.394539
0.393655
0.411693
0.401605
0.384584
0.363238
0.403191
0.397864
0.387250
0.395056
0.390478
0.376132
0.377662
0.382459
0.403132
0.394954
0.408127
0.406612
0.400221
0.418142
0.400553
0.411275
0.404983
0.397639
0.412370
0.400678
0.395200
0.385453
0.397443
0.396753
0.393256
0.387035
0.407326
0.394763
0.382176
0.393239
