1.0641
1.0572
1.0426
1.0628
1.0445
1.0888
1.0822
1.0423
1.0499
1.0846
1.0437
1.0137
1.0613
1.0584
1.0519
1.0267
1.0814
1.0283
1.0614
1.0604
1.0605
1.0595
1.0435
1.0556
1.0571
1.0474
1.0168
1.039
1.0494
1.0181
1.0435
1.0343
1.0639
1.0537
1.0553
1.0325
1.044
1.0707
1.0451
1.046
1.0503
1.0747
1.0313
1.067
1.0384
1.079
1.0321
1.0531
1.0872
1.0555
1.0471
1.0256
1.0718
1.0118
1.0647
1.0575
0.9959
1.0457
1.0134
1.0365
1.0703
0.9742
1.0875
1.0164
1.0265
1.047
1.056
1.0564
1.0671
1.0488
1.0679
1.0312
1.0446
1.0543
1.0821
1.0554
1.0849
1.0242
1.0444
1.0448
1.0007
1.0507
1.0755
1.0152
1.067
1.0497
1.0438
1.0791
1.0281
1.0502
1.0414
1.0656
1.0754
1.0512
1.0397
1.0609
1.0812
1.0572
1.0683
1.0052
