0.3846
0.3802
0.3697
0.3911
0.4049
0.3658
0.3737
0.4191
0.4009
0.3354
0.3857
0.4069
0.3722
0.3678
0.4029
0.3989
0.3775
0.4255
0.402
0.3803
0.3946
0.389
0.3996
0.4131
0.4116
0.3861
0.4381
0.4013
0.4023
0.4024
0.406
0.4341
0.3871
0.4382
0.4011
0.3929
0.4119
0.4001
0.3988
0.4619
0.391
0.3989
0.4205
0.3474
0.3696
0.3365
0.3976
0.3861
0.3734
0.3931
0.4251
0.4333
0.3387
0.4229
0.3477
0.375
0.4482
0.3937
0.3979
0.3612
0.3771
0.4695
0.364
0.4355
0.4348
0.3642
0.4135
0.4292
0.3626
0.4043
0.4151
0.4392
0.3695
0.4031
0.3863
0.3783
0.3843
0.4154
0.3754
0.4257
0.4511
0.374
0.3937
0.4402
0.3583
0.4051
0.3515
0.3536
0.4141
0.3912
0.4174
0.3569
0.3925
0.3544
0.4155
0.3417
0.3846
0.3836
0.398
0.4393
