1.0727
1.0648
1.0412
1.0658
1.0849
1.0585
1.0226
1.0618
1.0763
1.0565
1.0285
1.0673
1.0143
1.044
1.0419
1.0502
1.0258
1.0637
1.0459
1.0093
1.0456
1.0156
1.0253
1.0186
1.0783
1.0402
1.033
1.069
1.0362
1.053
1.0314
1.0491
1.0667
1.0067
1.0606
1.0469
1.0214
1.0628
1.0851
1.0628
1.0532
1.0323
1.052
1.0505
1.055
1.1159
1.0616
1.0574
1.0414
1.0632
1.0231
1.0481
1.0147
1.0611
1.0358
1.0461
1.0249
1.0366
0.9991
1.0296
1.0708
1.0315
1.0173
0.9961
1.0099
1.0678
1.0227
1.0781
1.0112
1.0557
1.0495
1.0504
1.0797
1.0326
1.0428
1.0577
1.0763
1.0525
1.0932
1.0641
1.0581
1.0605
1.0556
1.0612
1.0293
1.0419
1.0506
1.037
1.0905
1.0599
1.0347
1.0813
1.041
1.0424
1.0952
1.0446
1.03
1.0834
1.1072
1.0541
