0.3144
0.3357
0.3618
0.3617
0.3099
0.39
0.3388
0.2804
0.3175
0.3246
0.3656
0.3012
0.4022
0.383
0.3644
0.3216
0.3621
0.3435
0.3414
0.3392
0.3232
0.3391
0.4138
0.3585
0.3729
0.3509
0.369
0.3361
0.3196
0.3706
0.3471
0.3266
0.3394
0.3599
0.357
0.3923
0.3665
0.3135
0.3724
0.3066
0.409
0.3387
0.3188
0.3455
0.3531
0.2869
0.3128
0.3265
0.367
0.3265
0.3878
0.3527
0.3728
0.3638
0.3397
0.3484
0.3608
0.3688
0.3622
0.3709
0.3441
0.3952
0.4027
0.4206
0.3606
0.3145
0.3546
0.3198
0.4248
0.3255
0.3374
0.3695
0.3115
0.3294
0.3097
0.345
0.2942
0.3123
0.3349
0.3129
0.3653
0.3222
0.2788
0.3623
0.3504
0.3839
0.3369
0.3534
0.3406
0.3196
0.346
0.3394
0.3647
0.3596
0.3347
0.3716
0.3621
0.3256
0.3592
0.4082
