1.0797
1.0832
1.0885
1.0468
1.0493
1.0443
1.0346
1.0957
1.0456
1.0242
1.0481
1.0123
1.0565
1.0541
1.0216
1.0618
1.0578
1.0296
1.0469
1.0141
1.0362
1.0603
1.0499
1.0646
1.0309
1.0723
1.0866
1.0782
1.0763
1.0481
1.0943
1.0571
1.0557
1.0231
1.0339
1.0764
1.0324
1.0836
1.0766
1.0453
1.0495
1.0402
1.0746
1.0104
1.0425
1.0628
1.0202
1.0537
1.0827
1.0752
1.0696
1.0664
1.0597
1.0298
1.039
1.0619
1.0372
1.0485
1.0739
1.0714
1.0495
1.0433
1.0634
1.026
1.0738
1.0402
1.0407
1.0399
1.0526
1.0158
1.0667
1.0676
1.0591
1.0446
1.0901
1.051
1.0397
1.0443
1.0537
1.0622
1.0555
1.0684
1.054
1.01
1.043
1.08
1.0438
1.0607
1.0338
1.0691
1.0257
1.047
1.0608
1.0569
1.0921
1.0359
1.0591
1.0171
1.0358
1.0456
