0.408491
0.384180
0.395386
0.386603
0.401073
0.362342
0.396066
0.392071
0.376207
0.381325
0.415984
0.379892
0.412932
0.365596
0.398911
0.393747
0.403639
0.386442
0.392121
0.377853
0.356781
0.401426
0.428018
0.402067
0.394382
0.416696
0.388676
0.420832
0.381467
0.404221
0.371616
0.417703
0.398499
0.403468
0.379797
0.357727
0.403087
0.425364
0.415003
0.386080
0.392916
0.395831
0.413230
0.435001
0.422547
0.391688
0.392044
0.394840
0.414748
0.417772
0.427773
0.397885
0.403185
0.391885
0.414939
0.420306
0.391059
0.413800
0.414964
0.395281
0.403273
0.386136
0.403466
0.369901
0.383268
0.391988
0.371836
0.384253
0.372871
0.390108
0.412451
0.392176
0.409131
0.374111
0.419290
0.419067
0.403303
0.386751
0.431417
0.398756
0.401362
0.407360
0.401695
0.399534
0.393565
0.407249
0.391362
0.414890
0.401105
0.428615
0.413506
0.401432
0.424245
0.388552
0.407269
0.391803
0.386645
0.375744
0.395276
0.404061
