1.0621
1.0264
1.0002
1.0623
1.0425
1.0513
1.1001
1.0472
1.0125
1.0823
1.0538
1.0687
1.0247
1.0151
1.0255
1.0327
1.0281
1.0188
1.0953
1.0142
1.0693
1.0584
1.0324
1.0392
1.039
1.025
1.077
1.0581
1.0712
1.0693
1.0485
1.0942
1.0382
1.04
1.058
1.0218
1.0537
1.0363
1.0209
1.0432
1.0417
1.0407
1.0858
1.019
1.0853
1.0768
1.0689
1.0493
1.0464
1.0133
1.0162
1.085
1.045
1.0589
1.0452
1.0611
1.091
1.0871
1.0654
1.0403
1.0513
1.0979
1.0665
1.0168
1.0213
1.0726
1.0477
1.0563
1.0502
1.0193
1.0605
1.0532
1.0545
1.0592
1.0406
1.0551
1.0239
1.0667
1.0357
1.0395
1.025
1.0594
1.0466
1.0448
1.0094
1.0282
1.0717
1.0881
1.0465
1.0322
1.0813
1.0622
1.0712
1.0429
1.084
1.0331
1.0586
1.087
1.0403
1.0522
