1.1027
1.0987
1.1287
1.0584
1.0491
1.055
1.0444
1.1189
1.0395
1.0263
1.0662
1.0284
1.0608
1.0665
1.043
1.0775
1.0657
1.0418
1.0656
1.0243
1.0424
1.0727
1.07
1.0755
1.0361
1.0939
1.085
1.1022
1.0756
1.0711
1.0957
1.0762
1.0551
1.0193
1.0403
1.1049
1.0369
1.1056
1.0772
1.0558
1.0594
1.0418
1.0868
1.0257
1.0526
1.0844
1.0309
1.0611
1.0905
1.0972
1.0767
1.116
1.0749
1.0414
1.0529
1.0677
1.0435
1.0559
1.0851
1.0797
1.054
1.0559
1.0961
1.0361
1.0835
1.0567
1.0592
1.0426
1.0622
1.0257
1.0581
1.0902
1.0665
1.0625
1.1035
1.0569
1.041
1.0623
1.0566
1.0768
1.0752
1.0852
1.0617
1.0068
1.0487
1.096
1.0574
1.0775
1.0434
1.0735
1.0417
1.0672
1.0828
1.058
1.1059
1.0431
1.0668
1.0156
1.0312
1.0609
