0.3451
0.3547
0.3611
0.2947
0.4021
0.3259
0.3537
0.3875
0.3718
0.3893
0.351
0.3557
0.3722
0.3605
0.3724
0.4048
0.3382
0.3792
0.3478
0.3869
0.3367
0.3401
0.349
0.3489
0.427
0.4075
0.3326
0.3803
0.389
0.3458
0.3762
0.3692
0.3692
0.3498
0.324
0.3764
0.3158
0.3795
0.3723
0.3238
0.3852
0.3305
0.3867
0.3446
0.3211
0.3851
0.3588
0.361
0.3854
0.3791
0.3952
0.3257
0.344
0.3214
0.3611
0.3564
0.3385
0.3623
0.3507
0.3729
0.4083
0.3578
0.3211
0.3626
0.3169
0.3928
0.4085
0.3657
0.3691
0.364
0.3438
0.3803
0.3375
0.3304
0.3415
0.3613
0.3827
0.3536
0.3267
0.3357
0.3498
0.3391
0.4006
0.353
0.4137
0.4093
0.4264
0.3574
0.3692
0.3542
0.3536
0.3843
0.3686
0.406
0.3877
0.3431
0.3372
0.3348
0.3676
0.3509
