0.2969
0.3141
0.3231
0.3161
0.3331
0.3238
0.3317
0.3329
0.3247
0.3354
0.3125
0.3361
0.3659
0.2848
0.3527
0.3155
0.3542
0.3031
0.3014
0.3387
0.3116
0.2944
0.3534
0.3635
0.3899
0.3185
0.3589
0.2995
0.2907
0.3519
0.3012
0.3151
0.3576
0.3507
0.3396
0.3195
0.3223
0.3698
0.3343
0.3078
0.3435
0.3697
0.2861
0.3577
0.3281
0.2929
0.3271
0.328
0.3257
0.3207
0.4178
0.347
0.3064
0.3367
0.3166
0.3324
0.3766
0.3703
0.3549
0.3551
0.3424
0.3136
0.3274
0.3169
0.2666
0.3365
0.3422
0.3254
0.2874
0.3558
0.3761
0.3333
0.4103
0.3114
0.325
0.3582
0.3603
0.3192
0.3625
0.3682
0.3983
0.3286
0.3489
0.3594
0.3649
0.2868
0.3221
0.3002
0.3539
0.2972
0.3674
0.3331
0.348
0.385
0.3515
0.3112
0.3107
0.3597
0.4144
0.295
