1.0474
1.0524
1.0356
1.0751
1.0605
1.0704
1.0655
1.0452
1.0592
1.0688
1.0765
1.0499
1.0401
1.0712
1.0426
1.0436
1.0688
1.0901
1.0721
1.0364
1.0707
1.0533
1.0616
1.0749
1.0488
1.1061
1.0817
1.0533
1.0777
1.0976
1.066
1.0843
1.0849
1.1196
1.0771
1.03
1.0963
1.0623
1.0319
1.0836
1.1091
1.09
1.1017
1.1161
1.058
1.0539
1.0633
1.0417
1.0477
1.0238
1.0616
1.0709
1.0574
1.0636
1.0655
1.0677
1.0656
1.0977
1.0606
1.0926
1.0494
1.103
1.0644
1.0556
1.0252
1.0538
1.0466
1.002
1.0519
1.0705
1.0707
1.0255
1.0503
1.0784
1.0663
1.0885
1.0579
1.0475
1.0615
1.0533
1.0655
1.0839
1.0458
1.0637
1.0443
1.1531
1.0781
1.1215
1.0783
1.0397
1.0657
1.0866
1.0605
1.0353
1.1303
1.078
