0.3829
0.4385
0.4168
0.3516
0.5224
0.3704
0.4407
0.4352
0.4005
0.4225
0.4122
0.4073
0.3826
0.4482
0.439
0.4502
0.4356
0.3801
0.4576
0.41
0.3804
0.3695
0.416
0.3932
0.397
0.3878
0.349
0.4113
0.3678
0.4577
0.4259
0.4331
0.3898
0.3378
0.3725
0.4186
0.3922
0.3736
0.4622
0.4068
0.3654
0.383
0.3395
0.4267
0.3944
0.4307
0.4146
0.4365
0.4246
0.439
0.4471
0.4055
0.3937
0.4111
0.4008
0.4227
0.4083
0.3558
0.4272
0.3647
0.4153
0.3621
0.3967
0.4176
0.4414
0.4005
0.4535
0.4314
0.4204
0.4329
0.4608
0.4545
0.4207
0.402
0.4276
0.3879
0.4368
0.4392
0.3962
0.4485
0.4174
0.3751
0.4508
0.3888
0.4389
0.3586
0.3859
0.3635
0.423
0.3492
0.4333
0.3604
0.4213
0.3901
0.4168
0.3749
