0.3035
0.3118
0.318
0.299
0.276
0.2616
0.2584
0.2881
0.2549
0.2793
0.2875
0.3013
0.3035
0.3149
0.299
0.3021
0.3071
0.319
0.3127
0.3115
0.3036
0.3069
0.2706
0.3085
0.3037
0.29
0.2944
0.2874
0.3002
0.2953
0.2886
0.3246
0.2494
0.2995
0.3186
0.2574
0.2768
0.2888
0.3069
0.2848
0.2753
0.3175
0.304
0.268
0.261
0.2774
0.2334
0.3029
0.2466
0.2852
0.2946
0.2815
0.268
0.3184
0.3296
0.275
0.3263
0.322
0.3257
0.3023
0.3005
0.2977
0.2818
0.3014
0.278
0.3093
0.2698
0.2515
0.332
0.3001
0.3199
0.3004
0.2637
0.275
0.2948
0.2793
0.2951
0.2911
0.3032
0.2662
0.3037
0.2582
0.2796
0.3232
0.2687
0.3098
0.2781
0.3032
0.2634
0.2699
0.2897
