0.2795
0.322
0.3118
0.2597
0.38
0.2704
0.3295
0.324
0.2953
0.3168
0.2961
0.3064
0.2914
0.3241
0.3178
0.3343
0.3169
0.2787
0.3372
0.312
0.2813
0.275
0.3026
0.2893
0.2967
0.2805
0.2541
0.3039
0.2751
0.3409
0.3217
0.3177
0.2811
0.2505
0.2705
0.3112
0.2906
0.2765
0.3452
0.2983
0.2645
0.285
0.2414
0.314
0.2988
0.315
0.3074
0.3289
0.3126
0.3248
0.3194
0.2886
0.2977
0.2987
0.2934
0.316
0.3025
0.2654
0.3196
0.2713
0.3113
0.2754
0.2924
0.3102
0.3203
0.2968
0.3345
0.3229
0.3114
0.3215
0.3428
0.3386
0.3135
0.3074
0.3267
0.2883
0.321
0.3281
0.2869
0.3378
0.3142
0.2786
0.3288
0.2886
0.3143
0.2657
0.2838
0.2685
0.3158
0.2517
0.3263
0.2626
0.3204
0.293
0.3104
0.2731
