1.0832
1.086
1.1149
1.0633
1.0665
1.0668
1.1015
1.0926
1.1128
1.1214
1.082
1.0948
1.0713
1.069
1.0717
1.0895
1.0999
1.0737
1.1235
1.0728
1.1334
1.104
1.0817
1.0783
1.0652
1.0728
1.0372
1.0915
1.0752
1.086
1.0747
1.0837
1.1081
1.0594
1.0827
1.1282
1.0903
1.0826
1.0709
1.1129
1.0649
1.0843
1.0653
1.0927
1.143
1.0638
1.1041
1.0638
1.1379
1.0592
1.0874
1.1396
1.0806
1.0798
1.0704
1.112
1.127
1.0981
1.0789
1.0483
1.129
1.0871
1.093
1.0808
1.1344
1.1005
1.1028
1.0861
1.0816
1.0614
1.0578
1.0985
1.1199
1.1104
1.1149
1.094
1.0899
1.0546
1.0956
1.1019
1.1261
1.0939
1.0849
1.0635
1.0876
1.0663
1.1187
1.0605
1.0818
1.0992
1.0715
