0.4006
0.4115
0.417
0.3947
0.3718
0.3575
0.3508
0.3835
0.3344
0.3612
0.3922
0.3965
0.4013
0.421
0.4022
0.3991
0.4165
0.4203
0.4184
0.4113
0.4085
0.4159
0.364
0.4121
0.4129
0.3872
0.3882
0.3787
0.3889
0.3938
0.377
0.4331
0.3253
0.3979
0.4294
0.344
0.3711
0.3853
0.4148
0.3818
0.3729
0.4133
0.4091
0.3534
0.3452
0.3634
0.3154
0.4014
0.3327
0.3805
0.3863
0.3835
0.3566
0.4209
0.4317
0.372
0.4336
0.4348
0.4291
0.3934
0.3982
0.3926
0.3781
0.3988
0.3645
0.4191
0.3569
0.3323
0.4411
0.401
0.4178
0.4006
0.3467
0.3688
0.3899
0.383
0.3802
0.3878
0.3953
0.3571
0.406
0.3435
0.3741
0.4246
0.3485
0.4082
0.3705
0.4024
0.3361
0.3633
0.3866
