0.396141
0.371040
0.391289
0.391724
0.387218
0.391116
0.392874
0.383086
0.418787
0.401758
0.389663
0.374973
0.419240
0.407791
0.432049
0.417113
0.390427
0.378967
0.393128
0.380807
0.407696
0.414651
0.422511
0.391455
0.391214
0.425197
0.410057
0.393920
0.360739
0.407927
0.425993
0.375412
0.380374
0.421508
0.395249
0.372978
0.406594
0.408511
0.381839
0.390878
0.378461
0.415619
0.390973
0.391139
0.409739
0.415981
0.410952
0.396784
0.398966
0.378790
0.411489
0.398522
0.380787
0.391281
0.405506
0.400147
0.390309
0.392349
0.396877
0.412612
0.397920
0.372043
0.424257
0.430417
0.401422
0.399382
0.402447
0.433222
0.406245
