1.0586
1.0552
1.0624
1.0946
1.0612
1.0864
1.0486
1.0573
1.0662
1.0507
1.1065
1.0555
1.0382
1.0941
1.0599
1.0604
1.084
1.1179
1.0594
1.0307
1.0897
1.0754
1.0925
1.0968
1.0626
1.1214
1.0904
1.0756
1.0846
1.0866
1.0665
1.0926
1.1141
1.1322
1.0899
1.034
1.0986
1.0641
1.0306
1.0912
1.116
1.1043
1.131
1.1119
1.0687
1.0657
1.0756
1.0387
1.0519
1.023
1.0805
1.0821
1.0642
1.0878
1.0672
1.0632
1.0828
1.0993
1.0754
1.1152
1.0516
1.096
1.0814
1.0544
1.0265
1.0723
1.0673
1.0047
1.0583
1.0807
1.0744
1.0263
1.0731
1.0671
1.0675
1.0958
1.0603
1.0319
1.0816
1.0573
1.0603
1.0934
1.0544
1.0707
1.0642
1.1475
1.0857
1.133
1.0869
1.0611
1.068
1.1031
1.073
1.0431
1.1311
1.0894
