1.0577
1.0824
1.1107
1.058
1.0535
1.0462
1.0829
1.0758
1.0959
1.1142
1.0699
1.0856
1.0614
1.0483
1.0513
1.0933
1.0906
1.0641
1.1145
1.0594
1.1193
1.0825
1.0764
1.0536
1.0634
1.057
1.0352
1.0899
1.0784
1.0699
1.0628
1.0793
1.1086
1.0445
1.0771
1.1026
1.065
1.0705
1.065
1.0947
1.0403
1.0791
1.0563
1.09
1.1255
1.0587
1.0898
1.0526
1.1141
1.0495
1.0827
1.1188
1.0843
1.0678
1.0621
1.0951
1.1272
1.0985
1.0642
1.0455
1.1259
1.087
1.0743
1.0734
1.1209
1.0821
1.1031
1.0701
1.0658
1.0605
1.0564
1.0749
1.1279
1.0941
1.1092
1.0834
1.087
1.0415
1.0942
1.0756
1.1103
1.0797
1.0705
1.0614
1.083
1.0705
1.1053
1.0522
1.0751
1.0799
1.0695
