1.1514
1.0585
1.1322
1.1507
1.1263
1.1049
1.1269
1.1712
1.0813
1.19
1.1549
1.1407
1.125
1.17
1.0631
1.082
1.1232
1.1116
1.2217
1.2022
1.128
1.2227
1.0903
1.1224
1.1351
1.0448
1.1816
1.1521
1.1213
1.1011
1.095
1.0496
1.0616
1.1146
1.0871
1.1042
1.0525
1.1531
1.1289
1.0996
1.1784
1.1142
1.149
1.1562
1.0845
1.1807
1.171
1.1517
1.1631
1.0986
1.1181
1.1731
1.0874
1.118
1.0518
1.14
1.0843
1.0715
1.1186
1.1073
1.1535
1.0774
1.1738
1.1799
1.1368
1.1253
1.149
1.1835
1.1078
1.0847
1.1618
1.1212
1.0938
1.107
1.1493
1.2265
1.0846
1.1857
1.0547
1.1151
1.097
1.2362
1.0926
1.0578
1.1332
1.1902
1.1039
1.2037
1.0625
1.1192
1.1427
1.0272
1.0496
1.1832
1.1388
1.1432
1.1207
1.1289
1.0883
1.1299
