1.1566
1.237
1.2534
1.2284
1.1186
1.2088
1.2194
1.1916
1.1206
1.1753
1.1743
1.1261
1.0735
1.1373
1.1897
1.173
1.1313
1.1747
1.2637
1.1645
1.2237
1.1318
1.2197
1.1518
1.0967
1.1507
1.1511
1.2557
1.0899
1.0603
1.3056
1.1808
1.2709
1.1279
1.1176
1.2487
1.1613
1.1239
1.0327
1.2345
1.0603
1.2024
1.2625
1.1308
1.1361
1.1692
1.1499
1.0462
1.1056
1.0672
1.112
1.181
1.1632
1.0939
1.0646
1.1504
1.112
1.215
1.1971
1.0848
1.2176
1.0541
1.1722
1.1743
1.2104
1.0374
1.0722
1.1962
1.1724
1.1353
1.1814
1.1192
1.1266
1.0881
1.1745
1.0783
1.1143
1.1506
1.211
1.2176
1.2326
1.1402
1.1358
1.073
1.0957
1.1781
1.2017
1.0999
1.0098
1.068
1.2096
1.1908
1.1263
1.2032
1.17
1.141
1.2399
1.2619
1.1543
1.1466
