0.4457
0.3303
0.407
0.3542
0.4041
0.3728
0.3669
0.4443
0.3855
0.35
0.3692
0.3945
0.4075
0.449
0.3506
0.3593
0.348
0.3765
0.3509
0.3072
0.385
0.4398
0.3888
0.4222
0.356
0.3414
0.4657
0.3531
0.4016
0.2985
0.4057
0.3512
0.279
0.3401
0.3837
0.344
0.3901
0.3713
0.2954
0.4271
0.3756
0.3742
0.4161
0.3805
0.3603
0.3027
0.3775
0.3626
0.4011
0.3964
0.3783
0.351
0.3279
0.3898
0.4285
0.3717
0.4069
0.3814
0.396
0.3859
0.3624
0.3781
0.491
0.4501
0.4119
0.345
0.3205
0.3248
0.3342
0.3372
0.3235
0.3781
0.3945
0.3152
0.3859
0.3216
0.3155
0.4755
0.3924
0.4156
0.3529
0.4004
0.4807
0.2975
0.3492
0.4601
0.32
0.3184
0.3163
0.3998
0.4208
0.3954
0.3706
0.3676
0.3337
0.3211
0.446
0.3386
0.3228
0.4121
