1.0536
1.1394
1.0856
1.1481
1.1152
1.083
1.1336
1.1279
1.178
1.185
1.1224
1.0401
1.1527
1.113
1.1249
1.149
1.1767
1.1412
1.1516
1.2156
1.0936
1.1486
1.1693
1.121
1.1871
1.194
1.1761
1.2189
1.1585
1.1722
1.1612
1.1574
1.1591
1.1531
1.1056
1.1452
1.1328
1.1763
1.2102
1.1137
1.1647
1.2286
1.1317
1.067
1.1487
1.2256
1.2014
1.2019
1.1079
1.1827
1.1055
1.3184
1.1295
1.1131
1.0254
1.1812
1.1107
1.1304
1.1816
1.221
1.1353
1.1033
1.0605
1.1166
1.1641
1.2102
1.1219
1.2369
1.1653
1.1737
1.2122
1.1643
1.0958
1.1199
1.1328
1.2969
1.2091
0.9943
1.155
1.1991
1.2157
1.1552
1.0952
1.2073
1.1775
1.0629
1.0867
1.3244
1.1618
1.1531
1.1543
1.0829
1.2406
1.145
1.1893
1.1517
1.1046
1.2469
1.2228
1.0641
