1.1036
1.1016
1.1539
1.1656
1.1179
1.0778
1.12
1.2366
1.0684
1.105
1.1071
1.2053
1.1038
1.1773
1.0962
1.137
1.1705
1.1148
1.194
1.0843
1.1192
1.0573
1.1003
1.0895
1.1423
1.1804
1.1358
1.0681
1.1083
1.1369
1.0585
1.2021
1.1727
1.0493
1.1089
1.0476
1.0531
1.2153
1.0954
1.0855
1.0787
1.1757
1.2063
1.1153
1.0834
1.0831
1.087
1.1698
1.0782
1.0462
1.1527
1.0775
1.1167
1.0078
0.9907
1.0539
1.1265
1.1517
1.1089
1.0633
1.1133
1.1573
1.0968
1.1874
1.0999
1.1323
1.0881
1.1013
1.0964
1.0931
1.0608
1.1003
1.0555
1.071
1.0841
1.1875
1.1078
1.202
1.0573
1.0941
1.0998
1.0639
1.1707
1.0827
1.0859
1.0452
1.0743
1.1079
1.1319
1.0655
1.0956
1.1507
1.09
1.127
1.0549
1.1186
1.0715
1.212
1.1103
1.1681
