1.0089
1.0747
1.1469
1.1249
1.0688
1.1935
1.0387
1.145
1.1184
1.1247
1.1106
1.1973
1.0893
1.0543
1.1709
1.0804
1.1254
1.079
1.1214
1.0985
1.1292
1.0672
1.0691
1.0929
1.1249
1.1651
1.0508
1.1464
1.0789
1.1232
1.0416
1.1212
1.126
1.1147
1.0065
1.0779
1.1199
1.0102
1.0737
1.0766
1.1241
1.1569
1.0357
1.0862
1.1646
1.15
1.0582
1.1331
1.0588
1.1675
1.0959
1.0848
1.118
1.1824
1.0596
1.1397
1.0413
1.1107
1.118
1.0377
1.14
1.0807
1.0814
1.1036
1.1444
1.1018
1.0795
1.0557
1.0555
1.1476
1.1711
1.0679
1.2242
1.0689
1.0771
1.0631
1.1443
1.07
1.034
1.0618
1.0473
1.102
1.029
1.1328
1.0421
1.0916
1.3418
1.1045
1.1162
1.0751
1.1509
1.1194
1.1327
1.0956
1.1639
1.0158
1.0395
1.0925
1.107
1.1006
