1.2072
1.0699
1.1268
1.1747
1.0366
1.1867
1.2397
1.1391
1.1862
1.2662
1.1735
1.2472
1.1438
1.1323
1.0599
1.1173
1.1829
1.2085
1.1217
1.1794
1.2634
1.2198
1.34
1.0824
1.1655
1.1266
1.2142
1.1246
1.2811
1.2349
1.1971
1.1897
1.1445
1.2022
1.14
1.1341
1.1173
1.149
1.1528
1.2065
1.2088
1.1632
1.1547
1.2161
1.1412
1.1459
1.1227
1.2453
1.0974
1.1063
1.21
1.1724
1.0692
1.1477
1.1482
1.1705
1.2578
1.1435
1.0927
1.1926
1.1262
1.1066
1.0617
1.0011
1.1465
1.1321
1.0923
1.1821
1.1163
1.1539
1.2341
1.1366
1.1421
1.1561
1.1529
1.0576
1.1349
1.1083
1.1803
1.0989
1.1435
1.1768
1.2011
1.0791
1.2549
1.1589
1.1301
1.1729
1.0786
1.065
1.0844
1.2319
1.1523
1.1532
1.1576
1.1169
1.1496
1.2458
1.1405
1.0726
