0.4095
0.3345
0.4173
0.3447
0.3528
0.4382
0.3508
0.367
0.4321
0.3701
0.4314
0.4284
0.3858
0.3497
0.3637
0.3698
0.3317
0.4364
0.3465
0.4729
0.3769
0.4322
0.3414
0.4434
0.3712
0.4216
0.4191
0.5062
0.4232
0.3678
0.4398
0.3827
0.4458
0.4706
0.3496
0.3948
0.3939
0.4415
0.3997
0.3521
0.4238
0.3845
0.3574
0.3988
0.3991
0.4041
0.3983
0.3458
0.3665
0.417
0.3746
0.384
0.3971
0.4334
0.4393
0.4207
0.3784
0.3831
0.3846
0.3992
0.4118
0.3521
0.3215
0.3655
0.4295
0.3627
0.4165
0.4225
0.378
0.3866
0.401
0.3893
0.4284
0.4302
0.4278
0.3154
0.3417
0.3235
0.418
0.3844
0.3711
0.4293
0.414
0.3314
0.3858
0.4389
0.4104
0.3434
0.4029
0.4112
0.403
0.3614
0.4253
0.4515
0.4341
0.3769
0.3681
0.3607
0.3666
0.3885
