0.3091
0.284
0.3175
0.3163
0.2935
0.2957
0.2987
0.2875
0.3457
0.3006
0.3682
0.2972
0.3155
0.295
0.3338
0.2711
0.3307
0.3104
0.3318
0.3499
0.2878
0.2903
0.3448
0.3704
0.3722
0.3163
0.3043
0.3752
0.2719
0.2716
0.3708
0.2664
0.3195
0.3166
0.317
0.2626
0.2896
0.3562
0.3306
0.34
0.2984
0.3208
0.2452
0.2968
0.2573
0.3301
0.3258
0.2728
0.3451
0.2889
0.2892
0.3318
0.2682
0.3157
0.3454
0.304
0.3761
0.3185
0.2942
0.2905
0.3585
0.3809
0.2809
0.3218
0.3758
0.3303
0.3132
0.336
0.346
0.2421
0.2654
0.3666
0.297
0.2969
0.3065
0.2938
0.2888
0.3398
0.2853
0.2408
0.3334
0.3517
0.3549
0.3287
0.2947
0.2902
0.2799
0.2995
0.2812
0.3665
0.3422
0.2961
0.2865
0.3012
0.3504
0.2819
0.375
0.3529
0.327
0.3211
