1.2135
1.0901
1.0634
1.188
1.0176
1.1545
1.2755
1.1612
1.209
1.2606
1.1575
1.2709
1.1731
1.1339
1.0703
1.1312
1.224
1.2447
1.1316
1.1463
1.281
1.2128
1.409
1.1202
1.1707
1.1007
1.2296
1.1424
1.312
1.2865
1.1596
1.2004
1.1411
1.2237
1.093
1.1303
1.1403
1.1331
1.1334
1.2522
1.1926
1.1403
1.1552
1.2442
1.1568
1.1245
1.115
1.2057
1.067
1.0906
1.239
1.1488
1.0629
1.1524
1.1816
1.1752
1.2259
1.1882
1.1107
1.229
1.1071
1.1099
1.0605
1.008
1.072
1.1429
1.1
1.2197
1.105
1.1576
1.2305
1.1644
1.1309
1.1255
1.1748
1.0657
1.117
1.0928
1.1662
1.0695
1.1654
1.2021
1.2712
1.0708
1.2799
1.1737
1.1622
1.195
1.0517
1.0691
1.1001
1.2554
1.1475
1.1518
1.1188
1.1314
1.1687
1.2229
1.1518
1.083
