0.2847
0.3195
0.3306
0.2597
0.328
0.311
0.3114
0.2676
0.3354
0.3282
0.2955
0.2772
0.3281
0.2949
0.3502
0.3504
0.274
0.3221
0.2855
0.2748
0.3458
0.2649
0.3014
0.3016
0.3105
0.3724
0.2708
0.3044
0.2919
0.2983
0.3259
0.3315
0.3586
0.3391
0.3711
0.289
0.3112
0.3046
0.2934
0.3424
0.3236
0.3079
0.2933
0.2972
0.3956
0.3109
0.3357
0.3024
0.3013
0.3034
0.2901
0.2798
0.2832
0.3791
0.3186
0.3405
0.3698
0.3648
0.3036
0.3202
0.3278
0.3349
0.3091
0.2935
0.2971
0.359
0.3073
0.2745
0.3327
0.3383
0.3335
0.3557
0.3273
0.3701
0.2684
0.3138
0.3357
0.2876
0.3301
0.2848
0.3271
0.2812
0.3299
0.3285
0.2954
0.2988
0.3535
0.3048
0.368
0.3436
0.3802
0.3386
0.3416
0.2783
0.2831
0.2945
0.2877
0.2686
0.3928
0.3443
