1.1196
1.1919
1.1865
1.1418
1.2234
1.1135
1.0997
1.1553
1.1383
1.1825
1.0651
1.1162
1.18
1.2211
1.0954
1.1272
1.1049
1.1777
1.1155
1.0264
1.1492
1.1779
1.1302
1.0955
1.1721
1.0921
1.1115
1.0836
1.199
1.1571
0.9893
1.2064
1.0879
1.1232
1.0699
1.1377
1.1854
1.0487
1.1677
1.1356
1.1613
1.0709
1.2017
1.1475
1.1395
1.1865
1.0833
1.1745
1.0912
1.2414
1.0936
1.0928
1.1861
1.2334
1.0769
1.1253
1.0382
1.1137
1.0939
1.1302
1.089
1.0903
1.1304
1.138
1.0556
1.1516
1.0743
1.1226
1.1039
1.1762
1.3146
1.1251
1.153
1.1264
1.1082
1.1305
1.1946
1.1051
1.1797
1.2089
1.0753
1.1515
1.1517
1.0154
1.1986
1.1886
1.209
1.1785
1.1319
1.0609
1.0943
1.1983
1.1543
1.1359
1.1369
1.1409
1.0532
1.2208
1.175
1.1105
