0.3262
0.2668
0.3358
0.2839
0.2641
0.3362
0.2775
0.271
0.3368
0.2894
0.3431
0.3345
0.3023
0.2717
0.2887
0.2834
0.2627
0.3445
0.2645
0.3622
0.2962
0.3439
0.2682
0.3487
0.2981
0.3304
0.3254
0.3937
0.3307
0.2905
0.3482
0.3036
0.3521
0.3866
0.2786
0.3123
0.3073
0.331
0.3102
0.2826
0.3367
0.2966
0.2876
0.3208
0.2945
0.3085
0.321
0.2663
0.2847
0.3271
0.3009
0.3117
0.2989
0.3495
0.3456
0.3321
0.3012
0.3031
0.298
0.3114
0.3251
0.2748
0.2597
0.2808
0.3389
0.2794
0.3242
0.3386
0.299
0.3069
0.3184
0.3158
0.3374
0.3403
0.3305
0.2524
0.2679
0.2598
0.3337
0.3098
0.292
0.3382
0.3322
0.2566
0.3108
0.3405
0.3145
0.271
0.3224
0.3287
0.3085
0.2865
0.3371
0.3497
0.3412
0.299
0.2901
0.2706
0.291
0.314
