0.3189
0.2944
0.2927
0.3057
0.3652
0.3244
0.3221
0.2814
0.3386
0.2667
0.3516
0.3115
0.3343
0.3315
0.4458
0.3431
0.3442
0.304
0.308
0.3223
0.3014
0.2802
0.3126
0.2768
0.301
0.2766
0.322
0.2731
0.332
0.2896
0.2997
0.3137
0.2312
0.2868
0.3235
0.2994
0.297
0.3541
0.3016
0.3024
0.3443
0.3054
0.3384
0.3054
0.3083
0.2908
0.3221
0.3373
0.3435
0.2838
0.2997
0.3097
0.3076
0.2748
0.2921
0.2777
0.3636
0.2999
0.3178
0.3074
0.3784
0.3169
0.3071
0.2998
0.3197
0.3085
0.2916
0.3256
0.3199
0.3108
0.2857
0.3408
0.2593
0.3684
0.2896
0.353
0.3078
0.3221
0.358
0.3047
0.3064
0.3091
0.3819
0.3416
0.3623
0.3158
0.3234
0.3631
0.3175
0.3143
0.3085
0.3052
0.2939
0.2928
0.2607
0.3517
0.3131
0.2893
0.3174
0.2955
