0.404
0.3548
0.41
0.3961
0.383
0.3731
0.3749
0.3664
0.449
0.3819
0.457
0.3752
0.3993
0.3795
0.4276
0.3439
0.4053
0.3945
0.4125
0.4294
0.3664
0.3593
0.429
0.4697
0.4722
0.4017
0.374
0.4679
0.3602
0.3428
0.4672
0.337
0.4045
0.3867
0.3867
0.3311
0.3656
0.437
0.4278
0.425
0.3918
0.3978
0.3273
0.3782
0.3288
0.4159
0.4124
0.3505
0.4357
0.381
0.3669
0.426
0.3528
0.413
0.4317
0.3907
0.4662
0.4029
0.3639
0.3738
0.4579
0.4681
0.3615
0.4047
0.49
0.4203
0.3931
0.4257
0.4547
0.3166
0.3591
0.455
0.3931
0.3843
0.387
0.3688
0.3641
0.423
0.348
0.3136
0.4198
0.4413
0.4484
0.4144
0.3818
0.3709
0.3656
0.3793
0.3609
0.4518
0.4368
0.3605
0.3711
0.3827
0.4391
0.3619
0.4742
0.459
0.4095
0.391
