0.3409
0.3535
0.2953
0.2911
0.3018
0.2908
0.3023
0.2401
0.2939
0.287
0.3703
0.3264
0.2738
0.2529
0.3055
0.3049
0.3211
0.3519
0.3005
0.3235
0.2752
0.3689
0.3207
0.3147
0.3184
0.3026
0.327
0.2978
0.2688
0.3017
0.3685
0.321
0.3022
0.3271
0.3076
0.2912
0.3464
0.3375
0.3324
0.2903
0.4124
0.3627
0.3238
0.3341
0.3133
0.3471
0.3954
0.2841
0.3125
0.3407
0.3031
0.2742
0.3023
0.3268
0.3109
0.2586
0.2839
0.3265
0.3123
0.2692
0.301
0.2823
0.3183
0.3101
0.323
0.2989
0.2811
0.339
0.283
0.3282
0.2936
0.2906
0.2796
0.2625
0.3099
0.2505
0.3028
0.2992
0.2998
0.2713
0.2272
0.2798
0.3434
0.3028
0.2783
0.2881
0.3109
0.3795
0.2765
0.3104
0.2921
0.3123
0.305
0.2502
0.3079
0.3678
0.3395
0.3209
0.3032
0.3158
