0.3736
0.4024
0.4269
0.34
0.4107
0.3973
0.3949
0.3368
0.4288
0.4112
0.3749
0.3627
0.3995
0.3723
0.4461
0.4413
0.3495
0.4069
0.3464
0.3401
0.4234
0.3447
0.3803
0.3817
0.4012
0.47
0.3484
0.3882
0.3691
0.3748
0.4231
0.4066
0.4477
0.4257
0.467
0.3735
0.3928
0.3924
0.3759
0.4412
0.4187
0.3913
0.3771
0.3719
0.4997
0.4062
0.4388
0.3817
0.385
0.3834
0.3675
0.3689
0.3696
0.4681
0.405
0.4291
0.4836
0.4623
0.3684
0.3956
0.4074
0.4272
0.398
0.3744
0.3792
0.4618
0.392
0.3542
0.4233
0.4288
0.4275
0.4445
0.4073
0.466
0.3488
0.4134
0.4236
0.3742
0.4075
0.3653
0.403
0.3626
0.412
0.4116
0.3863
0.3777
0.4557
0.3987
0.4624
0.4211
0.4843
0.4263
0.419
0.3631
0.3545
0.3828
0.3666
0.3447
0.5045
0.4299
