1.1949
1.2818
1.2317
1.2455
1.1092
1.2239
1.2059
1.1947
1.1192
1.2004
1.1717
1.1544
1.1174
1.1428
1.2024
1.1789
1.1745
1.2241
1.2744
1.2611
1.2317
1.158
1.2466
1.1589
1.1133
1.1774
1.2136
1.3131
1.1627
1.1046
1.3647
1.2468
1.3115
1.1566
1.1455
1.2958
1.1706
1.134
1.059
1.2295
1.1078
1.2349
1.2722
1.149
1.1515
1.1934
1.1938
1.117
1.1567
1.1385
1.1511
1.1747
1.1947
1.1645
1.0863
1.1731
1.1397
1.2653
1.1804
1.0913
1.3289
1.0731
1.1767
1.2268
1.2194
1.0623
1.1096
1.2148
1.2279
1.1387
1.1862
1.1674
1.1743
1.1219
1.2148
1.1138
1.1535
1.2234
1.1967
1.2022
1.3112
1.1366
1.1298
1.1064
1.1195
1.1922
1.2237
1.1557
1.0512
1.0779
1.2591
1.2712
1.1606
1.3124
1.1902
1.1809
1.286
1.2452
1.2035
1.1809
