1.1517
1.0831
1.0859
1.1004
1.114
1.1637
1.0627
1.2706
1.1608
1.1528
1.1302
1.0089
1.1423
1.1426
1.1247
1.0986
1.0777
1.0868
1.0676
1.2347
1.1877
0.9924
1.1389
1.1756
1.1805
1.1346
1.0967
1.1904
1.1986
1.099
1.0248
1.3278
1.1671
1.1688
1.1628
1.1161
1.1119
1.1205
1.2393
1.0634
1.1104
1.0257
1.0457
1.0805
1.1215
1.1881
1.0572
1.1457
1.1345
1.0672
1.1335
1.1305
1.1897
1.1039
1.2141
1.2726
1.1693
1.2373
1.1492
1.163
1.1646
1.1711
1.0765
1.1154
1.1281
1.098
1.1616
1.0675
1.1451
1.1322
1.176
1.1851
1.1522
1.1355
1.1726
1.1335
1.1127
1.0893
1.1494
1.1745
1.3213
1.2592
1.0874
1.1128
1.1274
1.2994
1.1325
1.0445
1.1686
1.138
1.1327
1.1495
1.1343
1.2277
1.1789
1.03
1.0879
1.1116
1.092
1.0905
