1.0281
1.1192
1.1794
1.1527
1.1188
1.2233
1.0749
1.196
1.1396
1.1633
1.1103
1.2126
1.1239
1.0645
1.1576
1.1384
1.1175
1.1034
1.1558
1.1016
1.1492
1.125
1.1083
1.123
1.1544
1.1973
1.0593
1.1877
1.1003
1.195
1.0811
1.1447
1.1795
1.1551
1.0429
1.0963
1.1552
1.0576
1.1304
1.1178
1.1358
1.186
1.0657
1.1418
1.2063
1.1711
1.0808
1.15
1.0767
1.194
1.1076
1.1206
1.1185
1.2506
1.0943
1.1587
1.0916
1.1396
1.1454
1.0748
1.1699
1.1325
1.1092
1.1197
1.1767
1.1296
1.1413
1.0813
1.0577
1.1368
1.198
1.0753
1.2716
1.0762
1.1061
1.0528
1.1818
1.0989
1.0991
1.1157
1.0766
1.1699
1.0324
1.1482
1.0464
1.1498
1.4117
1.1049
1.1385
1.0946
1.1805
1.1547
1.1649
1.1735
1.201
1.0569
1.0623
1.1138
1.1338
1.1374
