1.0734
1.0518
1.0768
1.0895
1.0673
1.0716
1.1086
1.1264
1.0884
1.1698
1.1268
1.0639
1.1191
1.1349
1.0563
1.0664
1.0888
1.0916
1.2264
1.1955
1.1252
1.1652
1.0445
1.1088
1.1175
1.063
1.151
1.1256
1.0858
1.0643
1.0482
1.0425
1.0489
1.0884
1.0827
1.0441
1.033
1.1358
1.1052
1.0772
1.1518
1.0701
1.0985
1.1166
1.0606
1.1136
1.101
1.113
1.1496
1.0525
1.0677
1.1016
1.0316
1.1417
1.021
1.1314
1.09
1.0564
1.1247
1.0727
1.1452
1.0505
1.1204
1.1138
1.0959
1.0838
1.0959
1.1365
1.0958
1.0635
1.0985
1.0873
1.0759
1.0985
1.0906
1.1777
1.0478
1.1448
1.0534
1.0693
1.0788
1.1841
1.0918
1.0314
1.0645
1.1497
1.1044
1.1549
1.0199
1.1183
1.1321
1.014
1.0443
1.118
1.1165
1.0821
1.0707
1.089
1.0675
1.119
