0.4443
0.4452
0.3683
0.3654
0.3862
0.3704
0.3784
0.3021
0.3791
0.3791
0.4541
0.409
0.3303
0.3124
0.3831
0.3987
0.4082
0.4433
0.3744
0.4205
0.3401
0.463
0.4186
0.3929
0.4016
0.3767
0.4027
0.3774
0.3421
0.3777
0.4601
0.419
0.3788
0.4228
0.4057
0.3705
0.439
0.4163
0.419
0.3531
0.5129
0.453
0.4002
0.4135
0.3896
0.4347
0.4637
0.3503
0.3876
0.4218
0.3751
0.3434
0.3829
0.4207
0.3899
0.3348
0.366
0.4306
0.3943
0.3427
0.3793
0.3654
0.3998
0.4019
0.4126
0.3775
0.3582
0.412
0.3675
0.426
0.3632
0.3579
0.3618
0.3413
0.3857
0.3168
0.3814
0.3694
0.3826
0.3531
0.3092
0.366
0.4184
0.3826
0.3478
0.376
0.3909
0.4747
0.3524
0.4028
0.3614
0.4038
0.3805
0.3154
0.4015
0.4545
0.4191
0.4011
0.3834
0.3949
