0.2782
0.3258
0.3054
0.3106
0.3374
0.2073
0.2248
0.195
0.3066
0.3353
0.2453
0.2877
0.2757
0.2719
0.3186
0.3226
0.2113
0.3202
0.2516
0.2682
0.2367
0.3254
0.286
0.3379
0.2867
0.2941
0.3253
0.3022
0.364
0.3298
0.2987
0.2581
0.2672
0.3088
0.3768
0.2274
0.2613
0.3009
0.2915
0.3121
0.3594
0.223
0.1769
0.3067
0.3031
0.3281
0.318
0.3499
0.2899
0.327
0.3758
0.2782
0.331
0.389
0.3191
0.2914
0.3471
0.3308
0.259
0.3494
0.3581
0.3971
0.2438
0.2865
0.2776
0.3512
0.3583
0.2444
0.2913
0.2825
0.2832
0.2912
0.3162
0.3404
0.2705
0.3575
0.2657
0.2913
0.2808
0.2872
0.2776
0.2299
0.3305
0.3105
0.3058
0.2912
0.2978
0.3476
0.3402
0.2316
0.3385
0.2527
0.2461
0.317
0.2954
0.3089
0.1963
0.2175
0.2392
0.3029
