0.2882
0.3359
0.373
0.2494
0.3521
0.2915
0.2414
0.2832
0.2607
0.278
0.3371
0.2395
0.2764
0.3345
0.2938
0.2944
0.2665
0.2675
0.3216
0.3023
0.2212
0.2191
0.219
0.3093
0.2607
0.3802
0.2841
0.2979
0.2322
0.2522
0.3425
0.3245
0.2705
0.3053
0.3433
0.3307
0.2995
0.3426
0.3267
0.3639
0.3946
0.3077
0.3488
0.2801
0.3135
0.3581
0.3049
0.2907
0.3803
0.3182
0.2828
0.3822
0.3514
0.3107
0.2915
0.2638
0.2894
0.2982
0.2951
0.2596
0.3475
0.3173
0.3484
0.3074
0.3667
0.3132
0.2844
0.2634
0.3365
0.3176
0.2216
0.3227
0.3322
0.3113
0.2581
0.3293
0.3074
0.304
0.2666
0.3167
0.2982
0.3137
0.2341
0.3136
0.2228
0.3045
0.2912
0.269
0.2934
0.3738
0.3326
0.2465
0.2958
0.2999
0.3236
0.3263
0.2523
0.2797
0.2977
0.326
