0.3888
0.3754
0.3739
0.3911
0.4659
0.4058
0.3977
0.3639
0.4206
0.3368
0.4422
0.3831
0.421
0.4139
0.5545
0.4512
0.4306
0.3865
0.3892
0.3989
0.3793
0.3611
0.3983
0.3499
0.3798
0.348
0.4025
0.3468
0.4157
0.3845
0.3793
0.3932
0.3057
0.3576
0.4123
0.3693
0.3794
0.4427
0.3796
0.3846
0.4383
0.3918
0.4229
0.3903
0.3971
0.3672
0.4032
0.4181
0.4331
0.3599
0.3828
0.398
0.3827
0.3618
0.3734
0.3525
0.4612
0.378
0.3986
0.4008
0.4852
0.4163
0.3815
0.3707
0.4047
0.3924
0.3762
0.407
0.3861
0.386
0.3601
0.4328
0.3445
0.4655
0.365
0.4428
0.3936
0.4106
0.4697
0.3902
0.3819
0.3985
0.472
0.4305
0.4434
0.4071
0.4261
0.4407
0.4037
0.3832
0.3852
0.3839
0.3737
0.3803
0.3229
0.4385
0.3876
0.371
0.3974
0.3722
