1.1292
1.1365
1.1636
1.173
1.1961
1.0945
1.1495
1.3128
1.1014
1.1293
1.1116
1.2178
1.1421
1.2183
1.1396
1.1732
1.1985
1.1154
1.2311
1.0854
1.1515
1.0626
1.1282
1.1136
1.1523
1.2194
1.194
1.061
1.1342
1.1811
1.0719
1.2192
1.1889
1.0483
1.1406
1.0847
1.0854
1.2667
1.1372
1.1294
1.0946
1.2289
1.2109
1.1011
1.1672
1.1602
1.1098
1.2167
1.116
1.0981
1.1815
1.1095
1.1962
1.0273
1.0417
1.09
1.1429
1.1627
1.159
1.0823
1.1379
1.1942
1.1201
1.238
1.117
1.1822
1.1031
1.1046
1.1417
1.1292
1.1015
1.1147
1.0923
1.0988
1.1038
1.2085
1.152
1.2131
1.0503
1.1043
1.1311
1.1174
1.162
1.1269
1.1147
1.0853
1.1343
1.1451
1.1397
1.0872
1.164
1.1716
1.1142
1.1779
1.0922
1.1494
1.0992
1.2757
1.1675
1.1931
