0.3318
0.3759
0.3786
0.3653
0.4036
0.2604
0.2839
0.2345
0.367
0.391
0.2895
0.3391
0.3201
0.3176
0.3786
0.3804
0.2379
0.3576
0.2992
0.3279
0.2952
0.3722
0.3553
0.4013
0.3408
0.3475
0.3812
0.3539
0.4473
0.391
0.3459
0.3052
0.3147
0.3611
0.4197
0.2591
0.3126
0.3499
0.3621
0.3694
0.4386
0.2534
0.2143
0.3636
0.3572
0.3744
0.3922
0.4349
0.3488
0.3782
0.4486
0.3452
0.3938
0.4481
0.3735
0.3423
0.4101
0.3645
0.3142
0.4088
0.4292
0.4623
0.277
0.3395
0.3314
0.4304
0.409
0.3043
0.3409
0.3242
0.3316
0.3489
0.3816
0.4055
0.3279
0.4211
0.3234
0.345
0.3346
0.3502
0.3117
0.2835
0.4024
0.3745
0.357
0.3442
0.3555
0.4202
0.4128
0.275
0.4071
0.3031
0.2855
0.3507
0.3582
0.3676
0.2245
0.2597
0.2923
0.3476
