1.0731
1.1616
1.133
1.1218
1.165
1.0833
1.0617
1.0983
1.0777
1.143
1.0316
1.084
1.1191
1.1811
1.0626
1.0948
1.1017
1.1302
1.1128
1.0223
1.1229
1.1611
1.0837
1.0565
1.1521
1.0493
1.1102
1.0913
1.1246
1.1516
0.9758
1.1854
1.0838
1.1128
1.0697
1.1156
1.1529
1.0592
1.1102
1.1031
1.0982
1.0688
1.1417
1.1179
1.0915
1.1729
1.046
1.1192
1.0564
1.1827
1.0634
1.0568
1.1227
1.1962
1.0749
1.082
1.0363
1.0814
1.0565
1.0938
1.0448
1.1041
1.0835
1.0931
1.0096
1.0977
1.0435
1.0962
1.0548
1.1368
1.2308
1.1267
1.0946
1.0685
1.0809
1.0921
1.1706
1.0715
1.1694
1.1608
1.0565
1.1399
1.1297
0.9798
1.1319
1.1557
1.1562
1.1259
1.0966
1.0681
1.0457
1.1988
1.0906
1.1139
1.1153
1.0963
1.0262
1.1706
1.1634
1.1172
