0.3563
0.4081
0.4414
0.3055
0.4296
0.3463
0.3014
0.3397
0.3246
0.3381
0.4116
0.284
0.3431
0.4197
0.3666
0.3604
0.3355
0.3305
0.4072
0.3712
0.2832
0.2645
0.2867
0.3988
0.3217
0.4663
0.3573
0.3648
0.2953
0.3176
0.4091
0.4068
0.3422
0.3815
0.4062
0.4134
0.3702
0.4198
0.387
0.463
0.4663
0.3592
0.4224
0.3458
0.3974
0.4544
0.3753
0.3492
0.461
0.3839
0.3527
0.4654
0.4297
0.375
0.3645
0.3264
0.3424
0.3829
0.3699
0.3301
0.4347
0.3815
0.4165
0.3805
0.4482
0.3907
0.346
0.3343
0.4098
0.3875
0.2754
0.3918
0.3958
0.3688
0.3242
0.4122
0.376
0.3798
0.3231
0.3811
0.3696
0.3883
0.3087
0.3939
0.2719
0.3681
0.3558
0.3434
0.342
0.4691
0.4063
0.318
0.3476
0.3615
0.407
0.4033
0.3089
0.3405
0.3741
0.4079
