0.3497
0.2597
0.3242
0.2771
0.3276
0.2962
0.3016
0.3444
0.3075
0.2829
0.3033
0.3082
0.3385
0.3699
0.2828
0.2848
0.2827
0.3096
0.2847
0.245
0.3059
0.3544
0.3184
0.3265
0.2762
0.2765
0.359
0.2809
0.32
0.2313
0.3326
0.2759
0.2196
0.2642
0.3076
0.2704
0.3183
0.2937
0.2385
0.3454
0.2921
0.304
0.3314
0.2975
0.2901
0.2367
0.2973
0.2904
0.3261
0.3206
0.2995
0.2682
0.2558
0.3135
0.3525
0.2828
0.3322
0.3071
0.322
0.3103
0.3036
0.3062
0.3847
0.3608
0.3273
0.288
0.2639
0.2598
0.2674
0.2692
0.2706
0.3102
0.3257
0.2534
0.3125
0.2583
0.2547
0.3917
0.3068
0.3331
0.2989
0.3164
0.3724
0.2426
0.2784
0.364
0.2593
0.2459
0.2567
0.3194
0.3364
0.3116
0.2943
0.2953
0.2643
0.2516
0.3502
0.2532
0.2627
0.332
