1.0981
1.1095
1.0805
1.0803
1.0787
1.1251
1.014
1.2349
1.1005
1.1074
1.1298
0.9951
1.1113
1.1315
1.1181
1.0599
1.0615
1.0794
1.0624
1.2098
1.1936
1.0034
1.093
1.1749
1.1533
1.1136
1.0751
1.1514
1.1658
1.0797
1.0201
1.2738
1.1591
1.1144
1.1205
1.0757
1.0629
1.1369
1.1949
1.0525
1.1441
1.0083
1.023
1.0613
1.1575
1.1944
1.1127
1.1228
1.1082
1.0741
1.1303
1.1101
1.1636
1.0593
1.2033
1.2458
1.129
1.1811
1.1159
1.1401
1.1391
1.1216
1.04
1.0796
1.1138
1.0565
1.1271
1.0879
1.1046
1.1074
1.153
1.1887
1.0834
1.091
1.1525
1.0966
1.0835
1.0564
1.1076
1.1089
1.2323
1.2092
1.1077
1.0869
1.1277
1.2261
1.1089
1.0434
1.1234
1.0883
1.1131
1.1047
1.1049
1.201
1.1361
1.0535
1.0719
1.0636
1.0516
1.0656
