1.0912
1.1684
1.0982
1.1819
1.1237
1.1178
1.1521
1.1298
1.2188
1.2045
1.1304
1.0915
1.1273
1.1099
1.1401
1.1565
1.1589
1.1296
1.1741
1.2261
1.0874
1.1502
1.1658
1.1689
1.2338
1.217
1.2048
1.2266
1.216
1.2265
1.1642
1.2056
1.1979
1.2159
1.1528
1.1706
1.1544
1.1719
1.202
1.1053
1.2089
1.2381
1.1614
1.0912
1.1307
1.2602
1.2102
1.2035
1.1102
1.2075
1.1271
1.3788
1.1731
1.1217
1.0498
1.2463
1.1198
1.1539
1.1689
1.23
1.0816
1.0901
1.0487
1.1251
1.1894
1.1501
1.132
1.2599
1.1678
1.2224
1.1991
1.1715
1.0796
1.1466
1.1261
1.3073
1.2255
0.9902
1.1814
1.2111
1.1765
1.2001
1.0988
1.2313
1.1926
1.093
1.1013
1.3948
1.1736
1.1461
1.1493
1.121
1.2988
1.1684
1.2378
1.1883
1.091
1.3242
1.2269
1.0889
