1.012
1.0057
1.0006
1.0057
1.0127
0.9911
1.0054
1.0115
0.9914
0.9926
0.9735
1.0127
1.003
1.004
0.9958
0.9846
0.9972
1.0012
1.0103
1.0135
1.0151
1.0035
0.9945
1.0041
0.9997
0.9869
0.999
1.0069
0.9934
0.9955
0.9996
0.9962
1.0011
0.9768
0.9907
0.999
1.0013
1.0036
0.9935
0.992
0.9851
1.0002
1.0083
1.014
0.9983
0.992
1.0045
1.0112
0.9949
0.9966
0.993
0.9907
1.0216
0.9912
0.9849
0.9913
1.0019
1.0056
0.9986
1.0038
1.0042
0.9856
1.0029
0.9954
1.0117
1.0105
1.0085
0.9865
0.9976
1.0074
0.9962
0.989
0.9996
1.0043
1.0027
1.0066
0.9965
1.0086
0.9871
0.9902
0.9913
0.9877
0.9913
1.0093
1.0147
1.0097
1.0209
1.0148
0.9962
0.9907
0.9972
1.0065
0.9925
1.0025
0.9988
0.9891
1.0062
1.0039
0.9921
0.9936
