0.3843
0.6386
0.5204
0.398
0.5167
0.5603
0.5528
0.5387
0.4051
0.47
0.6676
0.4329
0.6346
0.4842
0.4422
0.5938
0.4256
0.4116
0.5538
0.3955
0.5195
0.5486
0.5168
0.6435
0.5576
0.5451
0.596
0.493
0.4802
0.6072
0.4858
0.5711
0.5333
0.6752
0.4592
0.548
0.4921
0.572
0.6117
0.5794
0.5031
0.4495
0.5143
0.4644
0.4927
0.5689
0.491
0.4703
0.5024
0.5278
0.5047
0.5478
0.5234
0.6143
0.5107
0.5646
0.5136
0.5335
0.4325
0.4198
0.464
0.5406
0.4414
0.5378
0.4288
0.5987
0.5593
0.6811
0.5361
0.5344
0.4853
0.4073
0.4716
0.5296
0.5101
0.5544
0.4254
0.5812
0.5066
0.6809
0.6117
0.5061
0.4779
0.4283
0.5427
0.4196
0.4485
0.5057
0.4674
0.5634
0.5636
0.5262
0.5016
0.5078
0.4677
0.5487
0.4809
0.475
0.4888
0.4786
