0.1688
0.3652
0.2982
0.1841
0.2484
0.342
0.3106
0.2613
0.2312
0.2818
0.4975
0.1982
0.3822
0.2828
0.2558
0.4038
0.2442
0.2086
0.2585
0.16
0.2488
0.3266
0.2917
0.3556
0.3176
0.34
0.3667
0.2567
0.3097
0.3605
0.2694
0.359
0.3049
0.4527
0.2746
0.3175
0.2565
0.3287
0.3923
0.3564
0.3215
0.2565
0.2372
0.2334
0.2663
0.4016
0.2943
0.2171
0.2895
0.2918
0.3301
0.3488
0.2291
0.409
0.3362
0.3466
0.3049
0.3015
0.2381
0.2329
0.2537
0.3776
0.2577
0.3324
0.1891
0.318
0.3242
0.436
0.3083
0.2845
0.288
0.265
0.2722
0.2558
0.2963
0.2873
0.2715
0.2837
0.3497
0.4569
0.3797
0.3461
0.2916
0.2193
0.2638
0.1842
0.1936
0.2224
0.2723
0.3549
0.3392
0.2448
0.3004
0.2448
0.2701
0.3236
0.2614
0.2616
0.2928
0.2981
