1.0106
1.0118
0.9915
0.9997
1.0108
0.9948
0.9941
0.9708
1.0107
0.9951
0.9979
0.9968
0.9841
0.996
1.0029
1.0094
1.0147
1.0099
0.998
0.998
1.0005
0.9968
0.9919
0.9913
1.0068
0.9909
0.9964
0.999
0.9883
0.9965
0.9798
0.9926
0.9961
1.005
0.9997
0.9866
0.9922
0.9882
0.9965
1.0116
1.0104
1.0024
0.9791
0.9955
1.0113
0.9982
0.9987
0.9887
0.9902
1.0175
0.9827
0.9847
0.989
0.9968
0.9988
1.0005
1.0026
1.0003
0.9808
0.9982
0.9934
1.0141
1.0029
0.9985
0.9869
0.9954
1.0029
0.9929
0.9882
0.9967
1.0091
0.9977
1.0051
0.9927
1.0115
0.9846
0.9819
0.9871
0.9815
0.9918
1.0049
1.0102
1.0107
1.0182
1.0142
0.9981
0.9895
0.9935
1.0101
0.9929
1.0065
0.998
0.9919
1.0028
1.0033
0.9936
0.9904
