0.3072
0.601
0.5168
0.3617
0.435
0.6179
0.5179
0.463
0.4602
0.5175
0.8407
0.3515
0.6149
0.4587
0.469
0.6947
0.4437
0.4042
0.4865
0.3092
0.4216
0.5256
0.5523
0.6166
0.5594
0.6307
0.6026
0.4485
0.5225
0.6363
0.4882
0.5957
0.5261
0.8262
0.5189
0.5547
0.4834
0.5484
0.6539
0.6314
0.5995
0.4479
0.4605
0.3741
0.5034
0.6211
0.4623
0.3978
0.5358
0.5495
0.55
0.6078
0.3838
0.6716
0.6084
0.6216
0.5015
0.4971
0.4414
0.3951
0.4368
0.6331
0.4228
0.5678
0.3535
0.5307
0.5035
0.7694
0.5514
0.4866
0.5097
0.4781
0.4742
0.5018
0.4926
0.5109
0.4477
0.5254
0.5889
0.7454
0.6686
0.5861
0.5341
0.3683
0.4472
0.3573
0.3136
0.4096
0.4919
0.6242
0.5821
0.4835
0.5499
0.4917
0.4753
0.6189
0.4411
0.4496
0.5397
0.5199
