1.007
1.0163
0.9967
1.0122
1.0178
0.9896
0.996
0.9851
1.0158
1.0127
1.0102
0.9972
0.9938
1.0007
1.0007
1.0111
1.0154
1.0205
1.0132
0.9967
1.0103
1.0059
0.9923
1.0088
1.0133
1.0008
1.0014
1.0034
1.0047
1.0075
0.9843
0.9903
1.0049
1.0046
1.0108
1.0027
0.9977
0.9905
1.0014
1.0091
1.0226
1.0009
1.005
1.0135
1.0141
0.9981
0.9975
1.0001
0.9964
1.0279
1.0011
0.989
0.9945
1.0093
1.0107
1.0015
1.0115
1.0091
0.995
1.0089
1.001
1.0134
1.0162
1.0188
0.9959
1.0018
1.0122
1.0011
0.9939
1.0045
1.0048
1.0095
1.012
1.004
1.0127
0.9942
1.0026
0.9964
0.9943
0.9938
1.0138
1.0195
1.0111
1.0273
1.0167
1.0001
0.9986
1.0045
1.0063
0.9938
1.0024
1.0028
0.9907
1.011
1.0121
0.9959
0.9973
