1.0126
1.0017
0.9995
1.0084
1.0126
0.9929
1.0033
1.0119
0.995
0.9935
0.9703
1.0128
0.9994
1.0015
0.9977
0.9823
0.9978
1.0037
1.0127
1.0156
1.0142
0.9995
0.9971
1.0029
0.9995
0.9893
0.9956
1.0063
0.9918
0.9959
0.9997
0.9931
0.9997
0.9784
0.9934
0.9984
1.0028
1.0014
0.9908
0.9929
0.9874
0.9998
1.0112
1.0111
1.0007
0.986
0.9998
1.0125
0.9973
1.
0.9913
0.99
1.0192
0.9882
0.9858
0.9925
0.9996
1.0035
1.0003
1.0024
1.0032
0.9832
1.0008
0.994
1.014
1.0089
1.0043
0.9859
0.9971
1.0072
0.996
0.9905
0.9995
1.0073
1.0005
1.0068
0.9939
1.0103
0.985
0.9856
0.9909
0.9856
0.993
1.0082
1.0143
1.0111
1.0193
1.017
0.9969
0.99
0.9963
1.0109
0.9945
1.0068
0.9985
0.9925
1.005
1.003
0.9943
0.9939
