0.3533
0.4574
0.4947
0.4878
0.4767
0.3593
0.4163
0.591
0.3829
0.5591
0.427
0.3923
0.5253
0.3764
0.3639
0.4891
0.3506
0.459
0.4839
0.4589
0.5658
0.4928
0.4838
0.5266
0.4364
0.4243
0.5368
0.4289
0.5022
0.4706
0.5987
0.4069
0.483
0.4353
0.5038
0.5383
0.5114
0.4452
0.3966
0.4552
0.4105
0.4366
0.4992
0.4321
0.4159
0.4451
0.4674
0.447
0.4853
0.4614
0.5421
0.4512
0.498
0.4539
0.47
0.3833
0.3716
0.4098
0.478
0.3893
0.4761
0.3809
0.5273
0.4913
0.6043
0.4737
0.4701
0.4278
0.3611
0.4161
0.4699
0.4505
0.4906
0.3764
0.5158
0.4479
0.599
0.5394
0.4467
0.4229
0.3776
0.4792
0.3711
0.3969
0.4477
0.414
0.4969
0.498
0.466
0.4427
0.4498
0.4131
0.4858
0.425
0.4202
0.4326
0.4227
