0.2427
0.3989
0.3276
0.2537
0.327
0.3534
0.3485
0.3418
0.2574
0.2966
0.4179
0.2742
0.3987
0.3043
0.2813
0.3749
0.2691
0.2601
0.3535
0.2516
0.3286
0.3432
0.3285
0.4039
0.3528
0.3461
0.3725
0.3108
0.3008
0.3837
0.3077
0.3576
0.336
0.4263
0.2916
0.3443
0.3117
0.3592
0.382
0.3654
0.3165
0.2854
0.3269
0.2917
0.3125
0.3535
0.3075
0.2961
0.3187
0.3358
0.3186
0.3454
0.3286
0.3839
0.3213
0.3563
0.3237
0.3362
0.2747
0.2636
0.2913
0.3364
0.2771
0.3403
0.2724
0.3781
0.3511
0.4299
0.3385
0.3348
0.3064
0.2585
0.2968
0.3365
0.3214
0.3517
0.2662
0.3708
0.3171
0.4254
0.3864
0.3185
0.3036
0.2689
0.3431
0.2654
0.283
0.3229
0.2954
0.3529
0.3556
0.3367
0.3161
0.3223
0.2943
0.3471
0.3041
0.2981
0.3092
0.3016
