0.4021
0.4713
0.666
0.5427
0.4831
0.538
0.568
0.8802
0.3793
0.6325
0.4794
0.5247
0.7265
0.481
0.4648
0.5476
0.3392
0.4423
0.5325
0.6144
0.6599
0.5943
0.6807
0.6212
0.4673
0.5449
0.6845
0.5296
0.6204
0.555
0.8928
0.5953
0.5921
0.5278
0.5758
0.6834
0.6806
0.6467
0.501
0.5194
0.3658
0.5561
0.6179
0.4643
0.4347
0.5878
0.6208
0.5773
0.6546
0.3945
0.6987
0.6662
0.6867
0.5201
0.5311
0.4822
0.3969
0.4654
0.6609
0.4399
0.6076
0.391
0.5647
0.5012
0.8133
0.5993
0.5225
0.5467
0.5087
0.5056
0.5699
0.5143
0.544
0.4592
0.5695
0.6245
0.7636
0.727
0.6218
0.5904
0.3894
0.476
0.3978
0.3118
0.4531
0.5337
0.6575
0.6126
0.552
0.6189
0.5618
0.5145
0.6961
0.4695
0.4567
0.5893
0.5679
