0.4127
0.5363
0.5817
0.573
0.5589
0.42
0.4882
0.6957
0.4489
0.6587
0.5019
0.4585
0.6166
0.4412
0.4268
0.5724
0.4099
0.5385
0.5697
0.5368
0.6669
0.5784
0.566
0.6204
0.5123
0.4989
0.6299
0.503
0.5925
0.553
0.7028
0.4765
0.5686
0.51
0.5931
0.6353
0.6014
0.5228
0.4645
0.5328
0.4823
0.5111
0.5906
0.5094
0.4884
0.5214
0.5472
0.5244
0.5696
0.5428
0.6396
0.5304
0.5853
0.5333
0.553
0.4486
0.4366
0.4819
0.564
0.4577
0.5581
0.4451
0.6201
0.5793
0.7093
0.5558
0.5543
0.5029
0.4226
0.4891
0.5493
0.5294
0.5749
0.4428
0.6025
0.5268
0.7071
0.634
0.5249
0.4953
0.4444
0.5627
0.435
0.4658
0.5234
0.4853
0.5853
0.5854
0.5445
0.5204
0.5264
0.485
0.5699
0.4986
0.4941
0.5076
0.4967
