0.1925
0.3154
0.26
0.2018
0.26
0.2806
0.2764
0.271
0.2043
0.2349
0.3315
0.2176
0.3158
0.2408
0.2235
0.2973
0.2129
0.2059
0.2818
0.1997
0.2606
0.2712
0.261
0.3204
0.2801
0.2753
0.2938
0.2461
0.2379
0.3051
0.244
0.283
0.2658
0.3386
0.232
0.2727
0.2472
0.2843
0.3024
0.2899
0.2506
0.2265
0.26
0.2303
0.2485
0.2785
0.2428
0.2344
0.253
0.2668
0.2525
0.2739
0.2601
0.3031
0.2544
0.2825
0.2564
0.266
0.2179
0.208
0.2306
0.2657
0.2191
0.2701
0.2161
0.3001
0.2777
0.3414
0.2685
0.2648
0.243
0.2048
0.235
0.2674
0.2545
0.2792
0.2104
0.2957
0.2508
0.3366
0.3066
0.252
0.2412
0.2124
0.2719
0.2103
0.2239
0.2574
0.2344
0.2789
0.2816
0.2686
0.2507
0.2559
0.233
0.2753
0.2414
0.236
0.2454
0.2391
