0.3778
0.4568
0.6429
0.5441
0.4749
0.5034
0.5498
0.8715
0.3745
0.6395
0.4827
0.4989
0.7213
0.4703
0.4379
0.5234
0.3232
0.4423
0.5451
0.5842
0.652
0.5872
0.6483
0.6258
0.4605
0.541
0.6633
0.5191
0.627
0.5554
0.8621
0.5599
0.5853
0.5075
0.5749
0.6856
0.6558
0.622
0.4929
0.4909
0.3764
0.5295
0.6433
0.4839
0.4181
0.5568
0.5835
0.5752
0.6393
0.4044
0.7005
0.6457
0.6625
0.5207
0.5298
0.4642
0.3983
0.4634
0.6612
0.4429
0.5983
0.3665
0.5628
0.5202
0.8
0.5898
0.5128
0.5428
0.4918
0.4972
0.5358
0.5149
0.5365
0.4644
0.5475
0.6148
0.7764
0.7142
0.6222
0.5686
0.39
0.4675
0.3837
0.3153
0.4334
0.514
0.6501
0.6059
0.5119
0.5888
0.525
0.5028
0.6588
0.4669
0.4564
0.5643
0.5518
