1.0052
1.0119
0.9908
1.0043
1.0124
0.9875
0.9908
0.9739
1.0112
1.0028
1.0029
0.9939
0.9845
0.9957
0.9983
1.0073
1.0131
1.0144
1.0037
0.9929
1.0022
0.9987
0.9878
0.9992
1.0077
0.9937
0.995
0.9976
0.9949
0.9996
0.9764
0.9875
0.9975
1.0004
1.0027
0.9925
0.9919
0.9852
0.9958
1.0063
1.0158
0.9973
0.9922
1.0038
1.0105
0.9947
0.9946
0.9924
0.9895
1.0207
0.991
0.9828
0.9886
1.0019
1.0035
0.9977
1.0057
1.0028
0.9854
1.0022
0.994
1.0118
1.0085
1.0088
0.9866
0.9949
1.0062
0.994
0.9896
0.9988
1.002
1.0022
1.0057
0.9967
1.0082
0.9867
0.9898
0.9881
0.9855
0.989
1.0082
1.0142
1.0077
1.0225
1.0134
0.9957
0.9904
0.9969
1.0048
0.9898
1.0002
0.9973
0.9867
1.0048
1.0056
0.9914
0.9918
