1.0231
1.0157
1.0146
1.0241
1.0254
1.0122
1.0154
1.025
1.0147
1.0112
0.9921
1.0241
1.0108
1.0105
1.0134
1.0028
1.0116
1.0191
1.0306
1.0277
1.0253
1.0108
1.0174
1.0204
1.0161
1.0105
1.008
1.0194
1.0053
1.0151
1.0165
1.0069
1.014
1.0057
1.0117
1.0145
1.0213
1.0147
1.0058
1.0103
1.0078
1.0143
1.0298
1.0179
1.0199
0.9944
1.0077
1.0248
1.0147
1.0188
1.0042
1.0076
1.0297
1.0013
1.0052
1.0112
1.0106
1.0139
1.0164
1.0124
1.0146
0.998
1.01
1.01
1.0254
1.0208
1.0116
1.0091
1.0157
1.0187
1.0117
1.0048
1.0124
1.0273
1.0117
1.0227
1.0047
1.0298
0.9983
1.0021
1.0114
1.0009
1.0117
1.0159
1.0234
1.0267
1.0249
1.0312
1.013
1.008
1.0112
1.0294
1.0125
1.0263
1.0127
1.0151
1.0169
1.0148
1.0128
1.0074
