1.007
1.0099
0.9886
0.9993
1.01
0.9907
0.9913
0.9688
1.0093
0.9954
0.9977
0.9943
0.9818
0.9951
1.
1.0072
1.0131
1.0096
0.9973
0.9946
0.9983
0.9958
0.9887
0.9922
1.0054
0.9895
0.9933
0.9972
0.9885
0.9962
0.9761
0.9894
0.9943
1.0014
0.9981
0.9862
0.9901
0.9849
0.994
1.0079
1.0111
0.9984
0.9811
0.9969
1.0095
0.9952
0.9955
0.9879
0.9878
1.0167
0.9831
0.9819
0.9867
0.9967
0.9987
0.9977
1.0026
0.9995
0.9797
0.9976
0.9914
1.0123
1.003
0.9998
0.9844
0.9934
1.0018
0.9917
0.9875
0.9958
1.0054
0.9977
1.0036
0.9921
1.0084
0.9835
0.9816
0.9851
0.9808
0.9885
1.005
1.0104
1.0081
1.0183
1.0121
0.9954
0.9876
0.9929
1.007
0.9893
1.003
0.996
0.9884
1.0014
1.0023
0.9905
0.9892
