1.0125
1.0133
0.9934
1.0009
1.0117
0.9971
0.996
0.9726
1.0109
0.9961
0.9987
0.998
0.9858
0.9973
1.005
1.0111
1.0156
1.0108
0.9992
1.0002
1.0025
0.9977
0.993
0.9926
1.0076
0.9921
0.9979
1.
0.9888
0.9972
0.9824
0.9942
0.9976
1.0078
1.0005
0.9877
0.9932
0.9903
0.9975
1.0137
1.0112
1.0044
0.9794
0.9955
1.0129
0.9999
1.0008
0.9904
0.9921
1.0181
0.9835
0.987
0.9906
0.9978
0.9993
1.0024
1.0036
1.0009
0.9825
0.999
0.9952
1.0153
1.0031
0.9981
0.9886
0.9967
1.0041
0.9935
0.989
0.9979
1.0117
0.9982
1.0063
0.9934
1.0136
0.986
0.9827
0.9885
0.9822
0.9935
1.0056
1.0112
1.012
1.019
1.0155
0.9994
0.9909
0.9946
1.0121
0.9947
1.0086
0.9996
0.9941
1.0041
1.004
0.995
0.9917
