0.1509
0.1948
0.2099
0.2067
0.2024
0.1526
0.1753
0.2475
0.1627
0.236
0.1796
0.1669
0.2218
0.1585
0.1538
0.2122
0.149
0.1952
0.2025
0.1952
0.2399
0.2098
0.2058
0.2192
0.1835
0.177
0.2284
0.1823
0.2109
0.1982
0.2544
0.1737
0.2032
0.1849
0.212
0.2257
0.2163
0.1866
0.1693
0.1954
0.1714
0.1862
0.2072
0.1807
0.1748
0.1891
0.2001
0.1886
0.205
0.1941
0.2258
0.1902
0.2112
0.1918
0.1989
0.1629
0.1547
0.1721
0.1982
0.1633
0.2022
0.1616
0.2247
0.2069
0.2555
0.2006
0.1979
0.1815
0.153
0.1752
0.2004
0.1899
0.2095
0.1563
0.2222
0.1868
0.2511
0.2295
0.1879
0.1805
0.1581
0.2031
0.157
0.1669
0.1931
0.1755
0.2079
0.2096
0.2018
0.1871
0.1911
0.1732
0.206
0.1807
0.1755
0.1834
0.1784
