1.03
1.0321
1.0213
1.0235
1.0308
1.0228
1.0186
1.0041
1.0292
1.0194
1.0173
1.0202
1.0126
1.0186
1.0262
1.0395
1.0326
1.0327
1.0188
1.0262
1.0297
1.0245
1.0185
1.0176
1.0256
1.0128
1.0236
1.0236
1.0151
1.0209
1.0184
1.0188
1.0225
1.0288
1.0217
1.015
1.0177
1.0165
1.0207
1.0377
1.0228
1.0278
1.0029
1.0133
1.031
1.022
1.027
1.0126
1.0166
1.0353
1.0111
1.0143
1.0208
1.0176
1.0205
1.024
1.0184
1.0205
1.0077
1.0159
1.0187
1.0305
1.0279
1.018
1.0197
1.0247
1.0264
1.0188
1.0125
1.0196
1.0349
1.0184
1.0311
1.0109
1.0383
1.0064
1.0121
1.0216
1.0088
1.0197
1.0207
1.0298
1.0331
1.0292
1.0377
1.0204
1.0173
1.0194
1.0368
1.0205
1.0333
1.0194
1.025
1.0239
1.0208
1.0215
1.0151
