1.018
1.008
1.0071
1.0169
1.019
1.0027
1.0091
1.0191
1.0064
1.0036
0.9811
1.0185
1.0039
1.0052
1.0062
0.9932
1.006
1.0126
1.0226
1.0225
1.0192
1.004
1.0089
1.0114
1.0084
1.0015
1.0014
1.013
0.9978
1.0055
1.0092
0.9997
1.0075
0.9937
1.0041
1.0065
1.0132
1.0073
0.9975
1.0022
0.9988
1.0069
1.0216
1.0141
1.0111
0.9885
1.0032
1.0192
1.007
1.0106
0.9972
0.9992
1.0241
0.994
0.9964
1.0023
1.0045
1.0083
1.0088
1.0075
1.0092
0.9899
1.0047
1.0019
1.0203
1.0144
1.0064
0.9986
1.0073
1.0122
1.0044
0.9984
1.0059
1.0194
1.006
1.0153
0.9987
1.0208
0.992
0.9926
1.0016
0.9934
1.0029
1.0121
1.019
1.0198
1.0216
1.0241
1.0056
0.9995
1.004
1.0218
1.0038
1.0185
1.0059
1.0057
1.0103
1.0088
1.004
1.0008
