0.077
0.1146
0.1565
0.1474
0.1242
0.0966
0.1292
0.2369
0.0909
0.1861
0.1366
0.1169
0.1896
0.1123
0.0899
0.1116
0.0697
0.1132
0.1554
0.1299
0.1639
0.1475
0.1588
0.1754
0.1198
0.1453
0.1681
0.1236
0.1732
0.1458
0.2072
0.1269
0.147
0.1129
0.1574
0.1877
0.1715
0.1457
0.1172
0.1009
0.1151
0.1165
0.1998
0.1479
0.0986
0.1337
0.1323
0.1569
0.1635
0.1069
0.1979
0.1544
0.1585
0.1478
0.1472
0.1032
0.1096
0.1215
0.1792
0.124
0.1549
0.0866
0.1539
0.1614
0.2049
0.139
0.1328
0.1346
0.1219
0.1264
0.1129
0.1438
0.1303
0.1297
0.125
0.1712
0.2199
0.1746
0.1656
0.131
0.1074
0.1281
0.0761
0.0947
0.0981
0.1246
0.1646
0.1609
0.1079
0.1361
0.1076
0.1254
0.1437
0.1214
0.1242
0.1305
0.1409
