0.3254
0.5374
0.4388
0.3381
0.4372
0.4734
0.4667
0.4564
0.3433
0.397
0.5615
0.3667
0.536
0.4084
0.3748
0.5013
0.3599
0.3485
0.4701
0.3356
0.4395
0.4617
0.438
0.5427
0.4716
0.4613
0.5019
0.4165
0.4046
0.5132
0.411
0.4811
0.4503
0.5697
0.3892
0.4623
0.4162
0.4821
0.5141
0.4895
0.4248
0.381
0.4358
0.3916
0.4171
0.4778
0.4138
0.3975
0.4254
0.4476
0.4264
0.4624
0.441
0.5172
0.4313
0.4769
0.4341
0.4509
0.3667
0.3544
0.3912
0.4538
0.3724
0.4549
0.3637
0.5061
0.4716
0.5748
0.453
0.4507
0.4104
0.3454
0.3985
0.4481
0.4306
0.4696
0.3587
0.4926
0.426
0.5724
0.5166
0.4271
0.4052
0.3614
0.4591
0.3551
0.3796
0.4296
0.3953
0.4743
0.4765
0.4471
0.4241
0.43
0.3945
0.4642
0.4067
0.4004
0.4137
0.4046
