0.117
0.2629
0.212
0.1225
0.1757
0.2401
0.225
0.1868
0.1562
0.1981
0.3582
0.1387
0.2792
0.2063
0.1794
0.2878
0.1744
0.1437
0.1786
0.1097
0.1765
0.2352
0.2033
0.2514
0.2259
0.2398
0.2673
0.182
0.2205
0.2542
0.1894
0.26
0.2193
0.3195
0.1933
0.2245
0.1763
0.2351
0.283
0.2552
0.2248
0.1787
0.1611
0.1714
0.1822
0.2972
0.2174
0.153
0.2039
0.2042
0.2386
0.2487
0.1624
0.2986
0.2372
0.2448
0.2213
0.2196
0.1637
0.1675
0.1827
0.2722
0.1862
0.2367
0.1328
0.2304
0.2386
0.3107
0.2164
0.2035
0.2042
0.189
0.1941
0.1765
0.2157
0.2025
0.1952
0.1958
0.2564
0.3294
0.2684
0.2489
0.2023
0.1604
0.1937
0.1232
0.1417
0.1533
0.1914
0.2521
0.2442
0.1694
0.2094
0.1684
0.1913
0.2254
0.1855
0.1872
0.2033
0.2145
