0.2433
0.328
0.4575
0.4143
0.3505
0.3236
0.3776
0.6447
0.2754
0.499
0.3722
0.3473
0.5218
0.3362
0.288
0.3653
0.2259
0.3406
0.4189
0.3938
0.4724
0.4342
0.4515
0.4875
0.3369
0.4031
0.4722
0.3678
0.4846
0.4168
0.6035
0.3793
0.4253
0.3354
0.4287
0.522
0.4721
0.4308
0.3529
0.3239
0.2968
0.3546
0.528
0.3914
0.2939
0.3834
0.3983
0.4317
0.4566
0.3064
0.5457
0.4514
0.4734
0.4006
0.4057
0.3181
0.3011
0.3472
0.4956
0.339
0.4331
0.2529
0.4364
0.4288
0.577
0.423
0.382
0.3984
0.3645
0.3672
0.3467
0.3947
0.3901
0.3551
0.3776
0.4528
0.5992
0.5196
0.4714
0.3956
0.2957
0.3552
0.26
0.247
0.3088
0.3592
0.4705
0.454
0.3408
0.4063
0.3443
0.3563
0.4461
0.3448
0.3406
0.3961
0.4035
