0.2563
0.528
0.4413
0.292
0.3678
0.5124
0.4484
0.3899
0.3705
0.4327
0.7262
0.2967
0.5393
0.4
0.3875
0.5999
0.3719
0.3281
0.3997
0.2511
0.3612
0.4647
0.4537
0.5262
0.4742
0.5204
0.5258
0.3819
0.4496
0.5359
0.4129
0.5194
0.4518
0.6898
0.4251
0.4712
0.4006
0.4745
0.565
0.5289
0.4939
0.3822
0.374
0.3307
0.4134
0.555
0.415
0.3292
0.4404
0.4476
0.4744
0.5171
0.3359
0.5823
0.5093
0.5184
0.4363
0.4318
0.3653
0.3415
0.3735
0.5452
0.3682
0.488
0.2875
0.4571
0.4475
0.653
0.4688
0.4115
0.4327
0.3974
0.4012
0.4078
0.4276
0.4318
0.3921
0.4359
0.5071
0.653
0.5669
0.5067
0.4439
0.3167
0.3798
0.2945
0.2736
0.3357
0.412
0.5299
0.4969
0.3863
0.4542
0.3926
0.4029
0.5054
0.3795
0.384
0.445
0.4379
