0.453
0.5908
0.6421
0.6325
0.6155
0.4619
0.5383
0.7694
0.4943
0.7271
0.554
0.5042
0.6805
0.486
0.4697
0.6299
0.4504
0.5932
0.6298
0.5905
0.737
0.6377
0.6234
0.6857
0.5648
0.5506
0.6946
0.5543
0.6554
0.6102
0.7761
0.5243
0.628
0.562
0.6557
0.7038
0.6639
0.5765
0.5111
0.5864
0.5323
0.5628
0.6547
0.563
0.5382
0.574
0.6021
0.5782
0.6285
0.5997
0.7072
0.585
0.646
0.588
0.6099
0.4933
0.4811
0.532
0.6246
0.5051
0.615
0.4889
0.6844
0.6405
0.783
0.6128
0.6123
0.5545
0.4645
0.5391
0.605
0.5844
0.6331
0.4885
0.6632
0.5826
0.7832
0.7002
0.5794
0.545
0.4903
0.6202
0.479
0.5127
0.5752
0.5343
0.6473
0.6456
0.5985
0.5737
0.5795
0.5352
0.628
0.5497
0.5456
0.5592
0.5477
