0.3137
0.4005
0.5598
0.4918
0.4188
0.4122
0.4661
0.7717
0.3301
0.5861
0.4399
0.4247
0.6311
0.4045
0.3638
0.4474
0.2765
0.4041
0.4995
0.4897
0.5756
0.5168
0.5488
0.5715
0.4053
0.4842
0.5755
0.445
0.5679
0.4927
0.7371
0.4673
0.5159
0.4271
0.5145
0.6182
0.5684
0.5318
0.4312
0.4099
0.347
0.4461
0.6079
0.45
0.3614
0.4729
0.4933
0.5163
0.5549
0.3658
0.6396
0.5549
0.575
0.4727
0.4773
0.3962
0.3568
0.4124
0.5938
0.4031
0.5254
0.3108
0.51
0.4923
0.6946
0.5115
0.46
0.4756
0.4327
0.4405
0.439
0.4636
0.4697
0.4215
0.4675
0.541
0.7063
0.6255
0.5572
0.4886
0.3494
0.4192
0.3247
0.292
0.3782
0.4406
0.5687
0.5386
0.4256
0.5039
0.4327
0.4361
0.552
0.4172
0.4073
0.4865
0.4844
