0.3047
0.3937
0.4247
0.4186
0.4092
0.3093
0.3578
0.5075
0.3288
0.4794
0.3658
0.3376
0.4506
0.3227
0.3127
0.4208
0.3017
0.3941
0.4148
0.3949
0.4849
0.4227
0.4166
0.451
0.3745
0.3643
0.4619
0.3678
0.4292
0.4031
0.5152
0.3504
0.4136
0.3743
0.4312
0.4606
0.4382
0.3827
0.3403
0.392
0.3519
0.3763
0.4256
0.3692
0.3573
0.3828
0.4021
0.384
0.4176
0.3955
0.4634
0.3873
0.4266
0.3897
0.4023
0.3298
0.3187
0.3515
0.4094
0.3338
0.4095
0.3282
0.452
0.4193
0.5199
0.4068
0.4022
0.3666
0.3103
0.357
0.405
0.3859
0.4216
0.3229
0.4451
0.3843
0.5121
0.4624
0.3827
0.3634
0.323
0.4106
0.3187
0.341
0.3856
0.3563
0.4253
0.427
0.4013
0.3801
0.3874
0.3544
0.4171
0.365
0.3603
0.3715
0.3627
