0.2656
0.3525
0.4908
0.4419
0.3737
0.352
0.4067
0.6873
0.2911
0.5303
0.3961
0.3715
0.5582
0.3605
0.3136
0.393
0.2417
0.3628
0.4469
0.4256
0.5079
0.4614
0.4805
0.5195
0.3589
0.4301
0.504
0.3924
0.513
0.4425
0.6473
0.4066
0.4556
0.3671
0.4559
0.5549
0.502
0.4637
0.3765
0.3514
0.316
0.3829
0.5572
0.4121
0.317
0.4118
0.4293
0.4622
0.4895
0.3258
0.579
0.4867
0.5067
0.4261
0.4298
0.344
0.3219
0.3682
0.5295
0.3606
0.4646
0.2721
0.4606
0.45
0.6154
0.4521
0.4086
0.423
0.3877
0.3928
0.3775
0.4184
0.4164
0.377
0.4072
0.4835
0.6348
0.5541
0.4998
0.425
0.3151
0.3788
0.2801
0.2642
0.3311
0.3843
0.5025
0.483
0.3688
0.4368
0.3728
0.3832
0.4808
0.3694
0.3623
0.4241
0.4313
