0.3201
0.4137
0.4468
0.4403
0.4304
0.3251
0.3761
0.5338
0.3459
0.5043
0.3851
0.3549
0.4743
0.3398
0.3287
0.4424
0.3172
0.4145
0.4363
0.4151
0.5102
0.4449
0.4379
0.4744
0.394
0.383
0.4854
0.3872
0.4523
0.4243
0.5413
0.3683
0.4355
0.3934
0.4541
0.485
0.4614
0.4022
0.3582
0.4118
0.3702
0.3952
0.4486
0.3889
0.3756
0.4024
0.4226
0.4037
0.4386
0.4162
0.4882
0.4073
0.4492
0.4097
0.4236
0.3466
0.3353
0.3698
0.4307
0.3513
0.4303
0.3448
0.4755
0.4422
0.5462
0.4279
0.4236
0.386
0.3264
0.3756
0.4252
0.4063
0.4432
0.3397
0.4673
0.4042
0.5394
0.4865
0.4028
0.3822
0.3402
0.4323
0.3352
0.3586
0.4053
0.3744
0.4478
0.4493
0.4219
0.3999
0.407
0.373
0.4387
0.3838
0.3793
0.3909
0.3816
