1.0155
1.059
1.1252
1.0414
1.0717
1.0079
1.0412
1.0173
1.0646
1.0371
1.0389
1.0204
0.9834
1.0045
1.0042
1.0805
1.0596
1.0238
1.0477
1.0619
1.0371
0.9661
1.0126
1.006
1.0324
1.021
1.0706
1.0101
1.0247
1.0073
1.0199
1.037
1.0328
0.9784
0.9971
1.0784
1.0157
1.0792
1.0235
1.1292
1.0739
1.0232
0.9929
1.0353
1.0564
1.0198
1.0284
1.0199
1.0122
1.0153
1.032
1.0407
0.9718
0.9596
1.0297
1.0262
1.0352
1.0162
1.0485
1.054
1.0471
0.9855
0.9978
1.0072
1.0088
1.034
1.0433
1.0368
1.081
1.0573
1.0174
1.0473
0.9981
0.9746
1.0317
1.0668
1.
1.06
1.0523
1.0123
1.0115
1.0145
0.9976
1.0317
0.9653
1.044
1.0305
1.0312
1.0537
1.0215
1.012
1.049
1.1001
1.1041
1.0046
1.0435
1.0325
1.0898
1.0554
1.0052
