0.0411
0.065
0.0437
0.048
0.0447
0.057
0.0396
0.0604
0.0269
0.0564
0.0326
0.0508
0.0148
0.0429
0.0318
0.0555
0.0674
0.0573
0.03
0.0429
0.0179
0.0542
0.0425
0.0275
0.0318
0.065
0.0267
0.0629
0.051
0.0367
0.0703
0.0279
0.0347
0.0524
0.0579
0.0432
0.0293
0.0502
0.0146
0.0564
0.0549
0.0541
0.033
0.0085
0.0361
0.0542
0.0326
0.0415
0.0461
0.068
0.0347
0.0486
0.0475
0.0553
0.0627
0.0679
0.0506
0.0572
0.041
0.0791
0.0361
0.0356
0.0608
0.0334
0.0641
0.0723
0.0598
0.0514
0.0316
0.0389
0.0343
0.0278
0.0414
0.0526
0.0643
0.055
0.0257
0.0634
0.0481
0.0436
0.0697
0.0518
0.0769
0.0224
0.0455
0.0288
0.0516
0.0474
0.0555
0.0572
0.0311
0.0614
0.0538
0.0427
0.0276
0.0586
0.0517
0.0601
0.056
0.0574
