0.3854
0.3176
0.3705
0.3618
0.3491
0.3117
0.3637
0.3567
0.4387
0.3817
0.4203
0.3591
0.4823
0.4556
0.4175
0.3006
0.3156
0.3442
0.3813
0.3397
0.3846
0.3345
0.3606
0.3882
0.304
0.501
0.3683
0.4932
0.393
0.4077
0.2994
0.3797
0.3968
0.3733
0.412
0.4013
0.3404
0.336
0.3389
0.3932
0.426
0.306
0.3232
0.3806
0.3719
0.3912
0.4481
0.4011
0.414
0.5106
0.4169
0.3393
0.369
0.3886
0.3646
0.4088
0.3606
0.3798
0.3637
0.3954
0.4165
0.412
0.3821
0.4448
0.3645
0.3803
0.368
0.333
0.3552
0.3951
0.4269
0.4296
0.371
0.4022
0.4389
0.3619
0.3519
0.3789
0.4394
0.463
0.3831
0.3828
0.3885
0.3757
0.4378
0.4159
0.3605
0.3101
0.3395
0.3585
0.4117
0.3739
0.4455
0.4876
0.4194
0.3788
0.4034
0.4629
0.4504
0.4312
