0.1811
0.1874
0.1495
0.1868
0.2534
0.1815
0.1757
0.1697
0.2248
0.2376
0.1982
0.2319
0.1988
0.2213
0.1971
0.1939
0.1575
0.1408
0.2346
0.2143
0.2495
0.2092
0.1448
0.2147
0.2275
0.2572
0.195
0.2098
0.1902
0.2098
0.1991
0.1695
0.1934
0.2244
0.1554
0.1728
0.2391
0.1759
0.1994
0.2385
0.1984
0.1786
0.1909
0.2175
0.2032
0.171
0.1693
0.2236
0.1555
0.1915
0.1561
0.1616
0.1931
0.2253
0.1792
0.1508
0.185
0.191
0.2458
0.1927
0.2022
0.1769
0.204
0.1896
0.2147
0.2346
0.1653
0.1677
0.2042
0.135
0.2217
0.1728
0.1808
0.2316
0.1803
0.1732
0.2153
0.2337
0.2307
0.209
0.2063
0.2385
0.2409
0.2193
0.2432
0.2413
0.2122
0.1714
0.18
0.1904
0.183
0.1735
0.1805
0.1956
0.2176
0.2213
0.1946
0.1797
0.2118
0.1881
