0.228
0.2231
0.2556
0.218
0.3051
0.2627
0.2572
0.228
0.2191
0.2354
0.2688
0.2605
0.2251
0.224
0.257
0.2628
0.2121
0.236
0.2884
0.2926
0.217
0.25
0.2394
0.2283
0.2607
0.2878
0.227
0.2656
0.2358
0.2052
0.228
0.2607
0.2368
0.2227
0.3207
0.2278
0.2041
0.2445
0.2852
0.2262
0.2281
0.2431
0.2262
0.2579
0.2273
0.2448
0.1965
0.1933
0.2564
0.2532
0.2688
0.2664
0.2373
0.1976
0.2515
0.2182
0.231
0.2586
0.2112
0.2746
0.2755
0.2268
0.2553
0.2931
0.2508
0.2359
0.2328
0.2257
0.2859
0.2447
0.2394
0.2396
0.2125
0.2865
0.2263
0.2302
0.2662
0.2095
0.2395
0.2756
0.2115
0.2476
0.2377
0.1992
0.2382
0.2298
0.2463
0.2194
0.247
0.1902
0.253
0.2522
0.222
0.2584
0.1969
0.2519
0.2357
0.2396
0.2558
0.2311
