0.0361
0.0493
0.0329
0.0396
0.0346
0.0451
0.0333
0.0532
0.0205
0.0445
0.024
0.0408
0.0115
0.0367
0.0217
0.0442
0.0526
0.0481
0.0245
0.035
0.0147
0.0439
0.0353
0.0201
0.0256
0.0531
0.016
0.0506
0.04
0.0289
0.0579
0.024
0.0327
0.0414
0.0492
0.0357
0.024
0.0409
0.0101
0.0452
0.0437
0.0458
0.0299
0.0095
0.0284
0.0428
0.0188
0.0328
0.0342
0.053
0.0257
0.0399
0.0373
0.0468
0.0513
0.0536
0.0384
0.042
0.0358
0.0611
0.0293
0.028
0.0459
0.0271
0.0517
0.0599
0.0485
0.0421
0.0248
0.0324
0.0282
0.0253
0.0313
0.0424
0.0504
0.0432
0.0194
0.0543
0.0371
0.033
0.0545
0.0391
0.0611
0.0187
0.0359
0.0201
0.04
0.037
0.0451
0.0446
0.022
0.049
0.0487
0.0366
0.0217
0.0467
0.04
0.0478
0.0464
0.0438
