0.1412
0.1444
0.1178
0.1447
0.1969
0.1481
0.1389
0.1323
0.1779
0.1899
0.1633
0.1872
0.158
0.1783
0.1565
0.1583
0.1242
0.1094
0.1857
0.1689
0.1928
0.1696
0.1133
0.1656
0.1747
0.2089
0.1546
0.165
0.1475
0.1588
0.1624
0.1343
0.1508
0.175
0.118
0.1328
0.191
0.1355
0.1532
0.1843
0.153
0.1375
0.1568
0.1625
0.1677
0.1318
0.1261
0.172
0.1276
0.1474
0.1151
0.1309
0.1508
0.1795
0.1435
0.1214
0.1432
0.1504
0.1999
0.1505
0.1542
0.1463
0.1609
0.1523
0.1705
0.1807
0.1294
0.1359
0.1653
0.1047
0.1772
0.1348
0.1444
0.1854
0.1427
0.1381
0.1649
0.1813
0.178
0.1682
0.1561
0.1887
0.1893
0.1678
0.1894
0.1955
0.1745
0.1268
0.1428
0.1496
0.1385
0.1363
0.1412
0.1577
0.1749
0.1731
0.1557
0.1332
0.1577
0.1466
