1.1474
1.1294
1.0314
1.1355
1.0502
1.1062
1.0223
1.0979
1.1321
1.1017
1.1324
1.0367
1.0588
1.1302
1.0729
1.0429
1.1461
1.177
1.0112
1.0538
1.1452
1.0672
1.0805
1.0925
1.0458
1.0773
1.1894
1.0761
1.1036
1.0943
1.081
1.0629
1.041
1.0874
0.9894
1.1072
1.1368
1.0411
1.067
1.121
1.1324
1.0086
1.1267
1.1492
1.1773
1.0175
1.1914
1.1679
1.1248
1.1176
1.0542
1.0454
1.0514
1.0743
1.063
1.1595
1.0688
1.097
1.1403
1.0897
1.052
1.095
1.0164
1.1476
1.0869
1.0933
1.0853
1.0894
1.0603
1.0901
1.0409
1.1706
1.0846
1.1015
1.0195
1.0667
1.0384
1.1296
1.0314
1.0821
1.1989
1.0769
1.2011
1.172
1.1352
1.1624
1.0342
1.1558
1.0444
1.211
1.0999
1.0676
1.0826
1.0611
1.1763
1.0529
1.0822
1.094
1.0806
1.1167
