1.0415
1.001
0.9935
1.028
1.0114
1.0364
1.0027
1.0061
1.0344
0.9864
1.0299
1.0368
1.0018
1.005
0.9981
0.9898
1.0278
0.9986
1.0273
1.0211
0.9928
1.0389
1.0015
0.9761
0.9913
1.019
1.0013
0.9736
1.0217
1.0101
0.9896
1.0167
1.0338
1.0248
0.9838
1.009
0.9809
1.0013
0.9883
1.0101
0.9931
1.0282
1.0108
1.0036
0.9864
1.0145
1.044
0.9978
0.9897
1.022
0.971
0.9743
1.0124
1.0101
1.0138
0.9835
0.9979
1.0087
1.0328
1.0217
0.9546
1.022
1.0044
1.0223
1.0463
0.9813
1.0269
0.9786
0.9951
1.0209
1.0045
1.0039
1.0149
1.0038
0.9839
0.9882
1.0494
1.0483
1.0076
1.0157
1.0098
0.989
0.955
0.9914
0.9914
1.025
1.0152
1.001
1.0089
0.9989
0.9905
1.0122
1.0092
0.9947
0.9755
1.0098
0.9648
1.0041
0.9676
1.0084
