1.0231
1.1025
1.1067
1.133
1.0017
1.0867
1.081
1.0619
1.0004
1.0465
1.0457
1.0191
1.0415
1.0274
1.0607
1.0446
1.0743
1.1197
1.0595
1.1512
1.0399
1.015
1.1354
1.1127
1.0351
1.0013
1.1196
1.0525
1.1078
1.0773
1.0944
1.1037
1.1202
1.0266
1.1259
1.1213
0.9643
1.1017
1.116
1.0534
1.1068
1.0707
1.075
1.0807
1.0781
1.0998
1.1159
1.0937
1.1445
1.1047
1.1009
1.0488
1.0875
1.0475
1.0521
1.1214
1.1047
1.04
1.0253
1.106
1.1453
1.0915
1.1262
1.0956
0.993
1.0903
1.1111
1.0918
1.0153
1.1901
1.0094
1.1184
1.0853
1.041
1.0682
1.0233
1.0535
1.0742
1.0717
1.0001
1.1312
1.0408
1.0325
1.0908
1.062
1.004
1.0193
1.1685
1.1104
1.0473
1.1283
1.0609
1.0561
1.1154
1.0203
1.0685
1.0759
1.1231
1.1296
1.0843
