1.1355
1.1593
1.1282
1.1417
1.0805
1.1629
1.1433
1.1244
0.9891
1.1578
1.091
1.1649
1.114
1.1348
1.127
1.2211
1.2617
1.1599
1.1467
1.1664
1.1412
1.1886
1.0595
1.1718
1.1744
1.1018
1.2316
1.0297
1.0672
1.1101
1.1599
1.0941
1.1104
1.1218
1.1389
1.157
1.1803
1.2318
1.1133
1.2901
1.0115
1.1722
1.1495
1.2027
1.1491
1.1703
1.2466
1.0455
1.1536
1.1038
1.0805
1.2484
1.1511
1.1339
1.1164
1.1503
1.1693
1.1989
1.18
1.1581
1.065
1.1442
1.1139
1.1986
1.1804
1.1694
1.0901
1.1363
1.092
1.1926
1.1821
1.1786
1.1271
1.1451
0.9718
1.1428
1.1691
1.1469
1.193
1.1121
1.089
1.0982
1.0837
1.2026
1.2674
1.1494
1.1574
1.2002
1.1112
1.1616
1.0952
1.1434
1.2611
1.1729
1.0616
1.1785
1.097
1.1724
1.0937
1.0805
