0.0877
0.064
0.0632
0.0671
0.0551
0.0972
0.0853
0.0955
0.0491
0.0659
0.0969
0.0882
0.0926
0.0641
0.0768
0.0839
0.0699
0.0834
0.0763
0.0664
0.0872
0.1149
0.1247
0.1071
0.0758
0.0732
0.0859
0.0906
0.0546
0.1052
0.0898
0.0658
0.0681
0.1171
0.067
0.0625
0.0839
0.0725
0.0736
0.0483
0.0875
0.0977
0.0918
0.0804
0.0718
0.091
0.1085
0.076
0.0853
0.0947
0.0671
0.0836
0.0885
0.0829
0.0881
0.0941
0.0632
0.0978
0.0674
0.077
0.075
0.0751
0.1008
0.0871
0.1017
0.0796
0.0888
0.0991
0.0919
0.0731
0.1034
0.0675
0.0802
0.1034
0.0747
0.0711
0.0899
0.0687
0.076
0.0706
0.0878
0.0718
0.1083
0.067
0.081
0.0979
0.0927
0.0648
0.0599
0.1103
0.106
0.069
0.0594
0.0407
0.0749
0.0754
0.0817
0.0479
0.0819
0.0796
