1.0037
1.0723
1.0956
1.111
0.9776
1.0839
1.0609
1.0484
0.9841
1.0449
1.038
1.0241
1.0424
1.0346
1.0553
1.0391
1.0601
1.0958
1.0574
1.1287
1.0315
1.0108
1.1137
1.0804
1.0041
1.0042
1.0918
1.0348
1.0703
1.0609
1.0932
1.0849
1.101
1.011
1.1066
1.0908
0.9512
1.0721
1.0897
1.0264
1.0938
1.0499
1.1012
1.0445
1.0838
1.0691
1.0796
1.0635
1.1389
1.0798
1.0628
1.0395
1.0572
1.0433
1.0388
1.116
1.0812
1.0274
1.0354
1.0863
1.1204
1.0981
1.1217
1.0849
0.9845
1.0609
1.1016
1.0888
1.0104
1.1752
1.0063
1.1156
1.0862
1.0249
1.0585
1.0122
1.0223
1.0783
1.0473
0.985
1.0803
1.0322
1.0043
1.0824
1.0251
0.9895
1.0209
1.1289
1.091
1.0391
1.0964
1.0441
1.0286
1.1074
1.0159
1.0414
1.0671
1.0823
1.0917
1.0591
