1.0445
1.0137
1.0413
0.9923
1.0465
1.0465
1.0429
0.9673
0.9995
1.0074
1.0694
0.9657
1.0505
1.0455
1.0636
1.0266
0.9865
1.0294
1.0245
1.0453
1.0547
0.9891
1.0454
1.0866
1.069
1.0079
1.1073
1.0156
1.0187
1.0512
0.9874
1.0622
1.0031
1.0476
0.9832
1.0206
1.0442
1.0209
1.0656
0.9992
1.0151
1.0202
1.0373
1.0754
1.0422
1.0228
1.082
1.0504
1.075
1.0219
1.07
1.0177
1.0404
1.0027
1.0086
1.0015
1.0009
1.0174
1.022
1.0023
1.0109
1.0429
1.0283
1.0356
0.9989
0.9768
1.0181
1.0327
1.0452
0.9924
1.0105
1.0334
1.07
1.0381
0.9933
0.9793
1.0503
0.9912
1.0357
1.048
1.0184
1.0316
1.0105
1.0481
1.073
1.0584
1.0413
1.0259
0.9726
1.028
1.0635
0.9717
0.9796
1.0063
1.034
1.0171
1.0627
1.0175
1.0065
1.0591
