-0.005
0.0026
-0.0034
-0.0006
-0.009
-0.0137
0.0129
-0.0005
-0.0009
0.01
-0.0034
-0.0066
-0.0023
-0.0018
0.0138
0.0136
-0.0047
0.0071
-0.007
-0.001
0.0019
0.0005
0.0085
0.0144
0.0066
0.0087
-0.0011
0.007
-0.0011
-0.0097
0.0104
0.0133
0.0009
-0.0007
0.0093
-0.0014
0.0055
0.009
0.0054
0.0017
0.0071
-0.0089
0.0007
0.0077
-0.0024
-0.0013
-0.0101
-0.0022
0.0095
0.0019
0.0127
0.0062
-0.0025
0.0067
-0.0072
0.0177
0.0011
0.0132
-0.0015
-0.0016
0.0192
-0.0036
-0.0059
-0.0061
-0.0043
0.0071
0.0019
0.0108
0.0099
0.0034
0.0001
0.004
0.0038
-0.0045
0.0193
0.01
-0.0057
-0.0098
-0.0041
0.0098
-0.0005
-0.0055
0.0095
0.0193
0.0028
-0.0065
-0.0014
-0.0014
0.0033
-0.0125
-0.0074
-0.0086
-0.0088
0.0006
0.0029
-0.0011
0.0189
-0.0066
0.0084
0.0023
