0.3056
0.2767
0.3228
0.2795
0.382
0.332
0.3232
0.2956
0.2888
0.2976
0.338
0.3191
0.2766
0.2833
0.3288
0.3358
0.2705
0.3146
0.3709
0.3693
0.2745
0.3189
0.3043
0.2939
0.3214
0.3623
0.2745
0.332
0.2986
0.2518
0.2934
0.3248
0.2919
0.2762
0.4057
0.2866
0.2633
0.3102
0.3573
0.2817
0.3031
0.308
0.292
0.3246
0.2904
0.3108
0.2489
0.2528
0.3196
0.3151
0.3451
0.3384
0.2953
0.2537
0.3253
0.2774
0.2985
0.3131
0.2737
0.3482
0.3379
0.2819
0.3157
0.3756
0.3171
0.2964
0.294
0.289
0.3482
0.3075
0.2902
0.3068
0.2642
0.3569
0.2761
0.2881
0.3411
0.2643
0.2992
0.3562
0.2769
0.3129
0.3177
0.2575
0.3053
0.2918
0.3089
0.2753
0.3114
0.2483
0.318
0.3133
0.285
0.3311
0.2498
0.3121
0.2972
0.2997
0.3183
0.2987
