1.0491
1.0097
0.9902
1.0177
1.0127
1.038
1.0003
1.0105
1.029
0.9893
1.0309
1.0305
1.0061
1.0076
1.0054
0.9956
1.034
1.0065
1.0316
1.0129
0.9895
1.039
1.0042
0.977
0.999
1.0191
1.0117
0.9759
1.0236
1.0111
0.9786
1.0186
1.0366
1.0184
0.9914
1.0142
0.9818
1.019
0.991
1.0221
0.9953
1.0332
1.0118
0.9967
0.9864
1.0145
1.0514
1.0007
0.9867
1.0347
0.977
0.9743
1.0032
1.0196
1.0116
0.983
1.0036
1.0012
1.0427
1.0242
0.952
1.0272
0.9989
1.0216
1.0574
0.9952
1.0302
0.976
1.0018
1.0165
1.0074
1.0026
1.0207
1.0052
0.9736
0.9883
1.0492
1.057
1.0105
1.0072
1.014
0.9846
0.9556
0.9861
0.9957
1.0258
1.0178
1.0057
1.0113
1.0033
0.9985
1.0055
0.9982
0.9908
0.9743
1.0193
0.968
1.0048
0.9695
1.0175
