0.4928
0.4196
0.4661
0.4864
0.4352
0.3927
0.4592
0.4589
0.5411
0.4867
0.5224
0.4554
0.5988
0.5814
0.5262
0.3682
0.41
0.4409
0.468
0.4366
0.4796
0.425
0.4599
0.49
0.3821
0.6626
0.4632
0.6145
0.5098
0.5077
0.3827
0.4908
0.5008
0.4735
0.5144
0.5057
0.4455
0.424
0.4449
0.4831
0.529
0.3887
0.4143
0.4889
0.4477
0.4929
0.5647
0.5078
0.53
0.6334
0.5178
0.423
0.4744
0.4916
0.4824
0.5032
0.4555
0.4884
0.4572
0.5022
0.5229
0.5272
0.4892
0.5497
0.4529
0.4717
0.4698
0.4229
0.4388
0.4979
0.5322
0.5406
0.4749
0.5036
0.5373
0.4583
0.4391
0.4819
0.553
0.5864
0.4842
0.4728
0.4841
0.4671
0.5424
0.5088
0.4469
0.3991
0.4366
0.4484
0.5317
0.4743
0.5578
0.5972
0.5231
0.4842
0.5088
0.581
0.5475
0.5301
