1.168
1.2571
1.1706
1.2316
1.0999
1.2022
1.1896
1.1763
1.0276
1.2087
1.1022
1.208
1.1186
1.1251
1.1616
1.2581
1.3247
1.2029
1.1634
1.2417
1.1622
1.2487
1.1367
1.2056
1.225
1.0763
1.2766
1.0844
1.1285
1.1268
1.2016
1.1479
1.135
1.1608
1.1436
1.1817
1.2269
1.2628
1.1796
1.2829
1.018
1.2074
1.2002
1.2502
1.1351
1.2089
1.2649
1.0942
1.2102
1.0615
1.1043
1.275
1.1946
1.1836
1.2061
1.16
1.2241
1.2309
1.2141
1.1731
1.1082
1.1873
1.164
1.2211
1.2102
1.2097
1.1465
1.2037
1.1109
1.2052
1.2069
1.1824
1.1841
1.1623
0.9894
1.1961
1.2156
1.2084
1.1975
1.1228
1.1393
1.1479
1.0877
1.2053
1.2478
1.1468
1.1986
1.2706
1.1651
1.1881
1.1295
1.1799
1.2965
1.1149
1.0868
1.2301
1.0794
1.1659
1.13
1.107
