-0.0057
0.0004
-0.0022
0.0016
-0.0077
-0.0117
0.0112
-0.0013
0.0003
0.0076
-0.003
-0.0042
-0.0027
-0.002
0.0098
0.0101
-0.0052
0.0046
-0.0067
0.0009
0.0023
0.0004
0.0067
0.012
0.0035
0.0073
-0.003
0.0055
-0.0013
-0.0083
0.011
0.0104
0.0003
0.0007
0.0058
-0.0022
0.0043
0.0035
0.0038
-0.001
0.0053
-0.0084
0.0004
0.0079
-0.002
-0.0011
-0.0099
-0.0025
0.0083
-0.0009
0.0095
0.0051
-0.0002
0.0036
-0.0056
0.015
-7.9990e-05
0.0122
-0.0033
-0.0019
0.0162
-0.004
-0.0038
-0.005
-0.0058
0.0028
0.001
0.0093
0.0071
0.0038
-0.0005
0.0036
0.0022
-0.004
0.0179
0.0079
-0.0047
-0.0099
-0.004
0.0099
-0.0013
-0.0037
0.0078
0.0167
0.0014
-0.0055
-0.0017
-0.0021
0.0024
-0.0114
-0.0078
-0.0058
-0.0051
0.0014
0.0027
-0.0028
0.0156
-0.0057
0.0065
-0.0001
