1.056
1.0026
1.0324
0.9926
1.0364
1.0419
1.0502
0.9719
0.9951
0.9963
1.0586
0.9666
1.0495
1.0528
1.0457
1.0256
0.9777
1.0331
1.0225
1.0455
1.0565
0.9933
1.0475
1.0787
1.0651
1.0096
1.0862
1.0138
1.0098
1.0458
0.991
1.0669
1.0249
1.0435
0.99
1.026
1.0428
1.0197
1.0597
0.9886
1.0098
1.0292
1.0455
1.0863
1.0393
1.0134
1.0503
1.0472
1.0635
1.0106
1.0605
1.0174
1.0366
1.0104
1.0175
0.9975
0.9915
1.0032
1.0308
0.9913
1.0099
1.0391
1.0157
1.0273
0.9978
0.978
1.0116
1.0343
1.0409
0.993
1.0086
1.0453
1.065
1.0376
0.9831
0.9755
1.0432
0.994
1.0323
1.0365
1.0138
1.0189
1.0089
1.0507
1.0658
1.041
1.03
1.0165
0.9737
1.0236
1.0461
0.9724
0.9956
0.9995
1.0308
1.0127
1.0557
1.0152
1.008
1.0539
