1.1037
1.114
1.0266
1.0949
1.0276
1.1034
1.0008
1.049
1.0703
1.0834
1.1364
1.022
1.0432
1.1078
1.0697
1.0137
1.1256
1.1206
1.0024
1.0318
1.1161
1.0495
1.0571
1.0576
1.0366
1.0752
1.1615
1.0637
1.0832
1.0867
1.0374
1.0354
1.0234
1.0562
0.9757
1.0773
1.1024
1.0062
1.0505
1.1106
1.0787
0.9924
1.085
1.1104
1.1567
0.998
1.1811
1.1233
1.1002
1.1263
1.0448
1.0231
1.0421
1.0367
1.0457
1.1252
1.0394
1.1166
1.0928
1.0631
1.0557
1.0884
0.9977
1.1196
1.0624
1.067
1.0652
1.0647
1.0661
1.0658
1.0501
1.1482
1.0783
1.1082
1.0374
1.0355
1.0266
1.1176
1.0086
1.0469
1.1576
1.0511
1.1515
1.1338
1.0912
1.1409
1.0239
1.1411
1.026
1.1741
1.075
1.072
1.0528
1.0434
1.1392
1.0578
1.0767
1.0813
1.069
1.08
