1.0157
1.0335
1.1123
1.031
1.058
1.0052
1.0394
1.0042
1.0485
1.0286
1.0322
1.0156
0.9791
1.0004
1.0083
1.067
1.0364
1.0209
1.0575
1.0669
1.0192
0.9673
1.0124
1.0134
1.0152
1.0119
1.0534
1.0356
1.006
1.0197
1.0082
1.0281
1.0286
0.9996
0.9779
1.057
1.0102
1.06
1.0233
1.1089
1.0689
1.0372
0.9932
1.0172
1.0489
1.0194
1.0279
1.0214
1.0185
1.0126
1.0369
1.0327
0.9648
0.9608
1.0403
0.9956
1.0235
1.0062
1.0525
1.0458
1.0493
0.9849
1.0071
1.0143
1.0149
1.027
1.024
1.0601
1.0805
1.039
1.009
1.0477
0.9938
0.9622
1.0184
1.0615
0.9963
1.0509
1.0541
0.9999
0.9916
1.0073
1.0076
1.0226
0.9837
1.0378
1.0236
1.0421
1.0361
1.0235
1.0128
1.0502
1.0807
1.093
0.994
1.0268
1.0433
1.0757
1.0499
1.0089
