0.1089
0.0867
0.0801
0.086
0.0731
0.1235
0.1078
0.121
0.0664
0.0827
0.1227
0.1112
0.1159
0.0812
0.0957
0.1053
0.0954
0.1029
0.0919
0.0791
0.1139
0.1402
0.1605
0.134
0.0982
0.0928
0.1097
0.1058
0.0725
0.1313
0.1134
0.0847
0.0869
0.1403
0.0866
0.081
0.1036
0.0959
0.0902
0.0663
0.1074
0.1188
0.1135
0.1051
0.0922
0.1135
0.137
0.0955
0.1037
0.1158
0.0806
0.1058
0.1095
0.101
0.1067
0.1242
0.082
0.1251
0.0824
0.1005
0.0921
0.0898
0.124
0.1088
0.1219
0.0995
0.1162
0.118
0.1168
0.0946
0.1313
0.0828
0.1009
0.1307
0.0968
0.0907
0.1129
0.0876
0.0938
0.0917
0.1139
0.0909
0.1336
0.0868
0.0967
0.122
0.1144
0.0775
0.078
0.1359
0.1286
0.085
0.0805
0.0533
0.0946
0.0957
0.0973
0.0633
0.102
0.0961
