1.0298
1.0281
1.0216
1.0212
1.0186
1.0287
1.0336
1.0318
1.0418
1.0264
1.0323
1.0211
1.0188
1.0253
1.0433
1.0289
1.0268
1.027
1.0262
1.0249
1.0277
1.0143
1.0221
1.0103
1.0407
1.0245
1.0193
1.0232
1.0337
1.0154
1.0109
1.0152
1.021
1.0283
1.0284
1.0323
1.0295
1.0289
1.0198
1.0236
1.0245
1.0218
1.0282
1.0266
1.0282
1.0339
1.0257
1.025
1.0414
1.0222
1.0229
1.0294
1.0306
1.0272
1.0237
1.0248
1.024
1.0306
1.0401
1.0365
1.0267
1.0176
1.0339
1.0431
1.0263
1.034
1.0199
1.0119
1.0262
1.0173
1.0227
1.0171
1.0428
1.0337
1.0283
1.0211
1.026
1.0222
1.0352
1.0241
1.0284
1.0191
1.0214
1.0124
1.0286
1.0308
1.0288
1.0296
1.0285
1.0197
1.0297
1.0343
1.02
1.0312
1.0197
1.03
1.0334
1.0299
1.0223
1.0325
