0.2021
0.1584
0.1437
0.1656
0.1278
0.1859
0.125
0.2349
0.224
0.2125
0.1777
0.1159
0.102
0.1699
0.3019
0.2165
0.142
0.1804
0.1853
0.2126
0.2181
0.109
0.151
0.2374
0.1481
0.1682
0.2874
0.1604
0.1824
0.1191
0.1435
0.2378
0.1933
0.1598
0.1695
0.1955
0.123
0.1679
0.1378
0.2141
0.2063
0.1393
0.1537
0.1273
0.1772
0.2304
0.1628
0.2263
0.1531
0.1775
0.2742
0.1685
0.1188
0.1245
0.148
0.1318
0.1432
0.182
0.1987
0.189
0.1469
0.1369
0.1438
0.1956
0.1613
0.2557
0.1731
0.1698
0.1843
0.1894
0.1573
0.134
0.1483
0.2165
0.176
0.2054
0.1327
0.1552
0.1257
0.2028
0.1555
0.0705
0.1754
0.2192
0.0958
0.2645
0.15
0.1589
0.1857
0.2094
0.1844
0.1245
0.132
0.1365
0.1688
0.167
0.2301
0.2197
0.1892
0.1818
