1.0103
1.0369
1.0283
1.0155
1.0293
1.0205
1.0243
1.011
1.0245
1.0159
1.0357
1.0231
1.0224
1.0178
1.0057
1.0149
1.0225
1.0255
1.0158
1.021
1.0213
1.0305
1.0184
1.0139
1.0251
1.0144
1.0058
1.0145
1.0056
1.0306
1.0183
1.0158
1.0238
1.0297
1.0226
1.0114
1.0203
1.0175
1.0337
1.0183
1.0267
1.0338
1.0282
1.0198
1.0212
1.0162
1.0188
1.0208
1.0172
1.0181
1.0129
1.0296
1.02
1.027
1.0162
1.0375
1.0153
1.021
1.0127
1.0285
1.0043
1.0235
1.0225
1.018
1.0161
1.0135
1.0152
1.0164
1.0251
1.0117
1.0215
1.025
1.0219
1.0263
1.0191
1.0242
1.0178
1.0229
1.0201
1.0151
1.0264
1.0299
1.0216
1.0114
1.035
1.0062
1.025
1.0156
1.0221
1.0117
1.0175
1.0252
1.0243
1.0256
1.0211
1.0235
1.0184
1.012
1.022
1.0167
