0.0847
0.0318
0.0366
0.1084
0.0807
0.0764
0.0369
0.0127
0.1268
0.0851
0.0682
0.0613
0.1346
0.0942
0.1002
0.0976
0.0888
0.0719
0.0989
0.0811
0.0978
0.0854
0.0319
0.0671
0.0397
0.0828
0.1617
0.0598
0.1156
0.0686
0.132
0.0744
0.1023
0.0789
0.0664
0.0857
0.0752
0.0689
0.0891
0.0906
0.0696
0.0601
0.0699
0.0611
0.0854
0.0516
0.1181
0.042
0.1337
0.0321
0.0992
0.0526
0.0908
0.0394
0.0725
0.1386
0.0847
0.0875
0.124
0.0457
0.0877
0.0664
0.0999
0.0845
0.1263
0.0434
0.1103
0.0768
0.1032
0.1197
0.0591
0.0428
0.1059
0.0661
0.0592
0.0453
0.091
0.0534
0.0922
0.0593
0.1476
0.1149
0.081
0.0915
0.1073
0.1377
0.0758
0.0796
0.1093
0.0575
0.1346
0.0838
0.0698
0.1106
0.0654
0.0819
0.0622
0.0786
0.0894
0.0082
