1.0355
1.0197
1.0252
1.0264
1.022
1.0251
1.0306
1.0316
1.0299
1.0348
1.0204
1.0291
1.0151
1.021
1.0148
1.032
1.0265
1.0062
1.0227
1.0292
1.0081
1.0163
1.0326
1.002
1.0091
1.0141
1.0191
1.0252
1.0112
1.03
1.0167
1.0103
1.0257
1.0173
1.0194
1.0189
1.0161
1.0191
1.0056
0.999
1.0257
1.0264
1.0316
1.0236
1.0138
1.0221
1.0229
1.0275
1.0401
1.0345
1.0254
1.025
1.0083
1.0157
1.0021
1.0184
1.0146
1.0244
1.0152
1.0245
1.0217
1.0346
1.0189
1.0357
1.0149
1.0362
1.035
1.0212
1.018
1.0191
1.0311
1.0143
1.0285
1.0054
1.02
1.0264
1.0237
1.0101
1.0236
1.0272
1.0324
1.0202
1.0235
1.0254
1.0177
1.0246
1.0087
1.0286
1.0235
1.0031
1.0258
1.0084
1.0139
1.0153
1.0177
1.0139
1.0175
1.0491
1.0174
1.0115
