1.0229
0.9997
1.0126
1.0123
1.0002
1.006
1.0133
1.0178
1.0192
1.0197
0.9963
1.0079
0.9955
1.0047
0.9982
1.0222
1.01
0.9869
1.0006
1.0146
0.9924
1.0005
1.0157
0.9851
0.9868
0.9968
0.9938
1.0106
1.0012
1.0161
1.
0.9984
1.0183
1.0034
1.0057
1.0022
0.9976
0.9994
0.9864
0.9783
1.0091
1.0169
1.018
1.0048
0.9891
1.0049
1.0066
1.0014
1.0266
1.0205
1.0105
0.9941
0.9848
1.0025
0.9917
0.9898
0.9966
1.0094
0.992
1.0041
1.006
1.023
1.0029
1.0142
1.0033
1.0311
1.014
1.0099
1.002
1.0003
1.016
0.9982
1.0139
0.9892
1.0043
1.0135
1.0089
0.9885
1.0073
1.0098
1.0174
1.0044
1.0093
1.013
0.9956
1.0034
0.9959
1.0152
1.0094
0.978
1.0147
0.9932
0.996
0.9936
0.9981
0.9991
1.0032
1.022
1.0004
0.987
