0.3025
0.4627
0.4185
0.3071
0.35
0.4343
0.475
0.3049
0.3046
0.3131
0.5543
0.4653
0.3681
0.4281
0.355
0.2888
0.4921
0.4081
0.4223
0.446
0.4261
0.3957
0.4545
0.4939
0.4865
0.4224
0.5527
0.3429
0.4073
0.3814
0.3786
0.4565
0.2636
0.4251
0.4562
0.3415
0.525
0.46
0.4646
0.6715
0.3599
0.3508
0.4165
0.374
0.5444
0.4467
0.3172
0.4106
0.3407
0.3607
0.4218
0.4468
0.5072
0.3609
0.4052
0.4877
0.4403
0.394
0.4879
0.4041
0.3948
0.3026
0.4119
0.3653
0.462
0.2611
0.4479
0.3422
0.4257
0.4101
0.3742
0.5009
0.364
0.5138
0.3839
0.313
0.4271
0.54
0.3154
0.4821
0.3166
0.4061
0.3683
0.4275
0.4695
0.3606
0.3757
0.5692
0.4033
0.4284
0.4789
0.4543
0.3643
0.3815
0.2729
0.3696
0.389
0.4733
