0.2723
0.4652
0.3871
0.2866
0.3571
0.4288
0.4596
0.2839
0.2679
0.3203
0.5213
0.4289
0.3356
0.3786
0.3351
0.27
0.4395
0.4067
0.4421
0.4365
0.4215
0.3982
0.4283
0.4915
0.4579
0.3745
0.5331
0.3275
0.3598
0.3589
0.3623
0.4493
0.2483
0.3891
0.4092
0.3371
0.4766
0.4202
0.4505
0.648
0.3383
0.3446
0.3785
0.3389
0.5191
0.4186
0.2945
0.3687
0.3606
0.36
0.4167
0.3999
0.503
0.3551
0.39
0.5089
0.4291
0.3592
0.4789
0.3869
0.3455
0.2921
0.3863
0.3375
0.4536
0.2349
0.4004
0.3259
0.4137
0.3929
0.3753
0.4812
0.3289
0.4876
0.379
0.3042
0.3717
0.5298
0.4674
0.4998
0.2879
0.4284
0.3093
0.3782
0.3691
0.4336
0.4406
0.3189
0.3453
0.5312
0.4026
0.3928
0.4622
0.4642
0.341
0.3946
0.2875
0.3699
0.3603
0.4775
