1.0333
1.0039
1.0229
1.0205
0.9974
1.0066
1.0148
1.0175
1.027
1.0205
1.0047
1.0172
0.9989
1.0185
1.0028
1.0244
1.0219
0.9918
0.9956
1.0181
0.9952
1.0021
1.0233
0.987
0.9959
1.0099
0.9999
1.0151
1.0135
1.0228
1.0053
1.0028
1.0238
1.012
1.0163
1.0051
1.0114
1.007
0.9877
0.9839
1.0127
1.0169
1.0272
1.0145
0.994
1.0128
1.0134
1.0116
1.0226
1.021
1.0112
1.0033
0.9905
1.0081
0.9973
0.9881
0.9997
1.0188
0.994
1.0109
1.0185
1.0254
1.0118
1.0222
1.0096
1.0381
1.0252
1.0147
1.004
1.0037
1.016
1.0015
1.0215
0.9975
1.0022
1.0159
1.0254
0.993
1.0039
1.0155
1.0221
1.0159
1.0136
1.018
0.9955
1.0027
1.0005
1.0265
1.0152
0.9887
1.0152
1.0026
1.0014
0.9917
1.0045
0.9969
1.0018
1.0235
1.0069
0.9886
