0.3002
0.4661
0.4133
0.3083
0.334
0.4161
0.4527
0.2715
0.2859
0.3102
0.5394
0.4494
0.3388
0.4168
0.344
0.2704
0.4737
0.4117
0.4029
0.4354
0.4173
0.3888
0.4451
0.4752
0.4774
0.4129
0.5371
0.3282
0.3968
0.3744
0.3747
0.4465
0.2603
0.4083
0.4337
0.338
0.5164
0.4379
0.4416
0.6491
0.3404
0.3287
0.4023
0.3691
0.5208
0.4396
0.3087
0.3997
0.3322
0.3507
0.4022
0.4228
0.5088
0.3615
0.3972
0.4813
0.426
0.3809
0.4737
0.3979
0.3815
0.2933
0.409
0.3584
0.4646
0.2553
0.4291
0.3328
0.4066
0.3936
0.3594
0.4767
0.342
0.5009
0.3559
0.3057
0.4197
0.5269
0.4331
0.4975
0.2979
0.4586
0.3159
0.3814
0.3549
0.4135
0.4417
0.3489
0.3587
0.5572
0.3907
0.4145
0.4642
0.4395
0.3532
0.3752
0.2711
0.364
0.3722
0.464
