1.0238
1.001
1.0124
1.0132
0.9971
1.0035
1.009
1.0105
1.0156
1.0197
0.993
1.0055
0.9891
1.004
0.9958
1.018
1.0064
0.988
0.997
1.0128
0.9913
0.9998
1.0129
0.9831
0.9858
0.9956
0.9918
1.0084
0.9997
1.0149
0.9996
0.9977
1.0184
0.9998
1.0015
1.0016
0.9961
0.995
0.9802
0.9743
1.005
1.0137
1.0148
1.0037
0.9849
1.0033
1.0055
0.9988
1.0255
1.019
1.0064
0.9893
0.9864
1.0039
0.9913
0.9899
0.9934
1.0076
0.9887
1.0044
1.0036
1.0208
1.0035
1.0134
1.004
1.0305
1.0108
1.0084
0.9982
0.9971
1.0137
0.9933
1.01
0.9879
0.9988
1.0118
1.0091
0.9869
1.0139
1.0005
1.0098
1.0092
0.9935
1.0015
0.9905
1.0134
1.0054
0.9772
1.012
0.9915
0.9939
0.9918
0.996
0.9981
1.0035
1.0207
0.9973
0.9869
