1.0374
1.0188
1.0247
1.0281
1.0195
1.0235
1.0296
1.0298
1.0283
1.0346
1.0186
1.0283
1.0133
1.0195
1.0119
1.0306
1.0262
1.0087
1.0175
1.0314
1.007
1.0157
1.029
1.0029
1.0256
1.0118
1.0293
1.0146
1.0096
1.0248
1.016
1.0179
1.0159
1.0143
1.0178
0.9999
0.997
1.0247
1.0254
1.0314
1.0229
1.0107
1.0189
1.0223
1.0255
1.0394
1.0322
1.0251
1.0224
1.009
1.0178
1.0007
1.0166
1.0124
1.0247
1.0159
1.0237
1.0215
1.0331
1.0184
1.0125
1.0394
1.0307
1.0187
1.0174
1.0174
1.0297
1.0117
1.0282
1.0054
1.0175
1.0263
1.0239
1.0079
1.021
1.0237
1.0309
1.0201
1.024
1.0238
1.0153
1.023
1.007
1.0272
1.0192
1.0022
1.0149
1.0161
1.0469
1.0166
