0.1394
0.2264
0.207
0.1412
0.1486
0.1975
0.2212
0.131
0.1451
0.1427
0.2575
0.2147
0.1552
0.2074
0.1658
0.1361
0.2347
0.1863
0.1961
0.2107
0.2067
0.1872
0.2226
0.2341
0.1587
0.2013
0.1863
0.1785
0.2313
0.134
0.2044
0.2253
0.1618
0.252
0.2109
0.2254
0.3292
0.1591
0.1718
0.1976
0.1716
0.2548
0.2179
0.1464
0.1741
0.1597
0.1719
0.2003
0.184
0.2399
0.1735
0.2046
0.2148
0.2099
0.1871
0.2193
0.1851
0.1856
0.1426
0.2006
0.2455
0.1264
0.2074
0.1731
0.2015
0.1863
0.1764
0.2452
0.1672
0.2527
0.1761
0.1476
0.2067
0.2619
0.2204
0.2552
0.1407
0.2258
0.1484
0.195
0.1619
0.196
0.2313
0.1757
0.1804
0.2683
0.1829
0.1247
0.1525
0.1802
