1.0416
1.0349
1.0365
1.0366
1.0214
1.0335
1.0343
1.0375
1.036
1.0377
1.0432
1.0509
1.0273
1.0412
1.0243
1.0395
1.0436
1.0205
1.0222
1.0411
1.018
1.0206
1.0363
1.0126
1.0195
1.0342
1.028
1.0351
1.0236
1.0435
1.0288
1.0193
1.0334
1.0227
1.042
1.0196
1.0389
1.0397
1.0107
1.0097
1.0368
1.0341
1.0521
1.0406
1.0199
1.0299
1.0291
1.0397
1.0464
1.0344
1.0359
1.0347
1.0169
1.0303
1.0147
1.0145
1.0161
1.0409
1.0279
1.0343
1.0362
1.0433
1.0224
1.0458
1.0246
1.0512
1.0467
1.0299
1.0264
1.0217
1.0361
1.0287
1.0398
1.0205
1.021
1.033
1.0389
1.023
1.0253
1.0381
1.0395
1.0373
1.0272
1.0269
1.0228
1.035
1.0207
1.039
1.0303
1.0185
1.0369
1.0197
1.0133
1.0217
1.0247
1.0243
1.0208
1.0586
1.0302
1.0164
