0.109
0.1588
0.1503
0.1014
0.1205
0.1479
0.1782
0.0929
0.1054
0.1143
0.1688
0.1329
0.1021
0.1318
0.1128
0.096
0.1625
0.1318
0.1551
0.1565
0.1505
0.1462
0.1715
0.1785
0.1675
0.1253
0.1957
0.1139
0.1458
0.1262
0.1222
0.1741
0.0951
0.1586
0.1415
0.1302
0.1633
0.1335
0.1709
0.2543
0.1109
0.1256
0.1266
0.1086
0.1947
0.1619
0.109
0.1183
0.1214
0.141
0.1431
0.1305
0.186
0.1208
0.1455
0.1852
0.1687
0.1233
0.1587
0.1349
0.1265
0.0998
0.1589
0.1114
0.1833
0.0825
0.143
0.1213
0.1491
0.1481
0.1354
0.1731
0.1178
0.1805
0.1399
0.1088
0.1447
0.1908
0.1794
0.1864
0.0994
0.1561
0.1181
0.1574
0.1204
0.14
0.1656
0.1255
0.1294
0.1919
0.1446
0.1492
0.1924
0.16
0.1193
0.1338
0.0961
0.1054
0.1226
0.1702
