0.1458
0.2223
0.2044
0.1453
0.1411
0.1979
0.2197
0.1309
0.1423
0.1404
0.2588
0.2093
0.1538
0.203
0.1575
0.1356
0.2327
0.1932
0.1847
0.2196
0.1982
0.1853
0.2083
0.2393
0.2257
0.1979
0.2507
0.1594
0.2013
0.177
0.1674
0.2278
0.1324
0.2038
0.2247
0.1576
0.256
0.211
0.2106
0.3279
0.1533
0.1708
0.1969
0.1701
0.2454
0.2035
0.1492
0.1632
0.1609
0.1641
0.1954
0.1737
0.2404
0.178
0.1987
0.21
0.2
0.1855
0.2227
0.1833
0.1886
0.1399
0.1986
0.1567
0.2395
0.1377
0.1948
0.1634
0.2013
0.1878
0.1715
0.2425
0.1711
0.2557
0.1692
0.1424
0.2136
0.2556
0.2143
0.2473
0.1379
0.2211
0.1472
0.196
0.1569
0.1892
0.2245
0.1743
0.1706
0.2672
0.1976
0.2072
0.2225
0.2044
0.1595
0.1841
0.1167
0.1463
0.1786
0.2086
