1.0293
1.0042
1.0217
1.0153
1.0032
1.0128
1.0121
1.0215
1.0199
1.0259
1.0106
1.0167
1.001
1.0105
1.0025
1.0227
1.023
1.001
1.0055
1.0182
1.0014
1.0107
1.0201
0.9853
0.9921
1.0041
0.9992
1.019
1.0079
1.029
1.0062
1.0104
1.02
1.0058
1.0153
1.0034
1.0018
0.997
0.9897
0.9836
1.0139
1.0203
1.0178
1.017
0.9942
1.015
1.012
1.0051
1.0303
1.0218
1.0135
0.9942
0.9907
1.0071
1.0035
0.9944
1.0023
1.0089
0.9928
1.0187
1.008
1.0246
1.0154
1.0153
1.0106
1.037
1.0152
1.0093
1.0078
1.0041
1.0234
1.0082
1.016
0.9987
1.0113
1.02
1.0258
0.9943
1.0094
1.0158
1.0191
1.014
1.0132
1.017
0.9988
1.0054
0.9989
1.025
1.0167
0.9872
1.0161
0.9972
1.0015
0.9943
1.0098
1.0046
1.0068
1.031
1.009
0.9891
