1.0449
1.0248
1.0284
1.0282
1.0227
1.0298
1.0276
1.0342
1.0304
1.0385
1.0306
1.0323
1.0187
1.0278
1.0161
1.034
1.0337
1.0093
1.021
1.035
1.0142
1.0246
1.0334
1.0051
1.0082
1.0202
1.0254
1.0284
1.0206
1.0437
1.0187
1.0205
1.0283
1.0177
1.0328
1.0161
1.015
1.0151
1.0072
1.0056
1.0245
1.033
1.0359
1.0286
1.0118
1.0308
1.0247
1.0259
1.0461
1.0335
1.0304
1.0269
1.0193
1.0233
1.0074
1.0194
1.0215
1.0335
1.0166
1.0243
1.0226
1.035
1.024
1.0421
1.0182
1.04
1.0388
1.0229
1.024
1.0224
1.0305
1.0229
1.0289
1.0158
1.0177
1.0327
1.0296
1.011
1.0286
1.0304
1.0367
1.025
1.0241
1.0295
1.0206
1.0282
1.0171
1.0288
1.0253
1.0059
1.0287
1.0141
1.0142
1.0156
1.0169
1.0268
1.0167
1.0487
1.0226
1.0118
