0.2631
0.426
0.3601
0.2859
0.3073
0.369
0.4391
0.2485
0.2744
0.2763
0.4528
0.3931
0.3042
0.3725
0.3079
0.2513
0.3949
0.3348
0.3624
0.3949
0.3557
0.3319
0.4055
0.4579
0.435
0.3624
0.4932
0.2862
0.3511
0.3053
0.3291
0.3791
0.2406
0.38
0.3771
0.317
0.4678
0.4197
0.4024
0.6
0.3018
0.3033
0.3768
0.3026
0.4755
0.3761
0.2739
0.3626
0.3058
0.3311
0.3788
0.4101
0.4658
0.3327
0.3404
0.448
0.3911
0.3726
0.4549
0.3294
0.3615
0.276
0.3452
0.3418
0.4183
0.224
0.4107
0.3265
0.3723
0.3668
0.3209
0.4221
0.3279
0.4507
0.3192
0.2694
0.3442
0.4888
0.4122
0.4598
0.2812
0.4067
0.2896
0.3561
0.3306
0.3946
0.418
0.3001
0.3163
0.5044
0.3698
0.3853
0.4282
0.4251
0.2974
0.3399
0.2477
0.3156
0.3265
0.4445
