0.1181
0.2028
0.1952
0.1406
0.1456
0.1812
0.2259
0.1159
0.1377
0.137
0.2239
0.2105
0.1428
0.1812
0.1533
0.1255
0.2037
0.1882
0.1863
0.2066
0.1849
0.1634
0.205
0.2222
0.2277
0.1768
0.2357
0.1486
0.1783
0.1475
0.1665
0.1958
0.1251
0.201
0.1883
0.1588
0.2556
0.2158
0.2087
0.3056
0.1634
0.1546
0.1861
0.1564
0.258
0.1855
0.1375
0.1705
0.1466
0.1719
0.1903
0.1669
0.2178
0.1647
0.19
0.2096
0.1786
0.1682
0.2242
0.1819
0.1791
0.1437
0.1937
0.1413
0.2326
0.1282
0.1934
0.1594
0.187
0.1921
0.1824
0.2191
0.164
0.2278
0.181
0.1276
0.1942
0.256
0.1994
0.2345
0.1287
0.2146
0.1512
0.1833
0.1553
0.1866
0.2089
0.1777
0.1646
0.2585
0.1824
0.1871
0.2277
0.2034
0.1612
0.147
0.1214
0.1463
0.1553
0.2147
