1.0831
1.0218
1.0561
1.0664
1.0969
1.0762
1.0367
1.1219
1.0736
1.0663
1.1024
1.1071
1.0814
1.0341
1.1211
1.0963
1.0383
1.0396
1.0624
1.0915
1.0304
1.1008
1.0869
1.0481
1.074
1.0653
1.0377
1.0732
1.0764
1.0936
1.0878
1.0772
1.0556
1.0496
1.0681
1.073
1.11
1.0708
1.0516
1.0878
1.0796
1.0917
1.0453
1.1191
1.0858
1.0556
1.0838
1.0386
1.0745
1.082
1.0683
1.0712
1.0829
1.0955
1.0531
1.0798
1.1007
1.0984
1.0788
1.0969
1.0602
1.0755
1.0448
1.0656
1.0502
1.0385
1.0375
1.0922
1.0515
1.062
1.085
1.0777
1.0626
1.0513
1.103
1.0556
1.0531
1.0888
1.0686
1.0562
1.0657
1.0594
1.0782
1.0587
1.0693
1.0782
1.0699
1.1027
1.0662
1.0575
1.0456
1.0821
1.089
1.0792
1.0375
1.0823
1.0806
1.0898
1.0538
1.0739
