0.3452
0.4467
0.4178
0.3678
0.3864
0.3865
0.4078
0.3397
0.4377
0.4324
0.4096
0.332
0.3821
0.4078
0.4221
0.3465
0.3773
0.3794
0.3742
0.3824
0.4066
0.3729
0.3752
0.4098
0.3874
0.3786
0.4323
0.4281
0.3889
0.4258
0.3846
0.3553
0.4732
0.3734
0.3372
0.3746
0.3539
0.3751
0.3825
0.3699
0.4031
0.3462
0.3708
0.3969
0.3625
0.3988
0.3707
0.4091
0.3887
0.4104
0.4051
0.356
0.3038
0.4661
0.4077
0.4617
0.3393
0.396
0.3815
0.3812
0.4023
0.3719
0.3651
0.3962
0.392
0.4157
0.4155
0.3808
0.4405
0.3809
0.3607
0.3931
0.4125
0.3774
0.4138
0.373
0.4566
0.3429
0.384
0.4812
0.3795
0.3731
0.3796
0.3766
0.4271
0.3622
0.3824
0.3571
0.3731
0.3524
0.445
0.3953
0.3275
0.4144
0.4058
0.3962
0.3845
0.4124
0.399
0.354
