0.403666
0.407257
0.418780
0.379159
0.416449
0.396456
0.408383
0.381580
0.405779
0.415409
0.413575
0.379920
0.382838
0.389319
0.411194
0.397213
0.401072
0.385474
0.400474
0.435796
0.408568
0.406540
0.405407
0.405675
0.391469
0.381443
0.399257
0.420233
0.415082
0.407472
0.434391
0.398733
0.412705
0.399084
0.397188
0.402865
0.402553
0.408351
0.380876
0.425022
0.429985
0.408033
0.392121
0.414424
0.402406
0.382601
0.401168
0.384582
0.415752
0.407960
0.400934
0.389665
0.396637
0.396762
0.407330
0.406829
0.365792
0.391202
0.396990
0.415279
0.398582
0.426354
0.387287
0.399299
0.392119
0.413462
0.391068
0.399010
0.397199
0.386944
0.419537
0.400222
0.391215
0.408854
0.412512
0.401966
0.415746
0.402529
0.408932
0.417066
0.398970
0.424427
0.403641
0.374940
0.427065
0.397449
0.411001
0.408161
0.381957
0.382357
0.405723
0.390874
0.393834
0.387614
0.389280
0.410509
0.386960
0.402899
0.398649
0.396510
