1.0992
1.0326
1.0777
1.0656
1.1163
1.0865
1.0488
1.1591
1.0647
1.0775
1.1123
1.1259
1.0922
1.0493
1.1338
1.1194
1.0389
1.0506
1.0813
1.1069
1.0312
1.1236
1.0886
1.058
1.0803
1.0716
1.0454
1.0996
1.0927
1.1027
1.0988
1.0802
1.0591
1.0566
1.067
1.0813
1.1214
1.0716
1.0464
1.0829
1.0892
1.1153
1.0629
1.1083
1.101
1.0686
1.0943
1.0449
1.0889
1.0803
1.0761
1.0867
1.0911
1.0875
1.0695
1.0909
1.1247
1.1127
1.093
1.1209
1.0725
1.0886
1.0547
1.074
1.0603
1.058
1.0529
1.1185
1.0561
1.0768
1.0961
1.0925
1.074
1.0682
1.108
1.0645
1.0507
1.0986
1.0638
1.0789
1.0924
1.0668
1.0801
1.054
1.0812
1.0873
1.0867
1.1358
1.0872
1.0694
1.0469
1.1103
1.0983
1.1
1.0493
1.0995
1.1007
1.0923
1.0619
1.1013
