0.2789
0.3666
0.3374
0.3011
0.3091
0.3182
0.334
0.2661
0.3603
0.358
0.3307
0.2686
0.3028
0.3347
0.3383
0.2752
0.3118
0.3121
0.2976
0.3064
0.3389
0.2971
0.3082
0.3331
0.3141
0.3114
0.3509
0.3413
0.315
0.3443
0.3135
0.2947
0.377
0.3021
0.2779
0.3114
0.2888
0.3109
0.316
0.3041
0.317
0.2777
0.2972
0.3188
0.2962
0.3236
0.3021
0.3352
0.3158
0.3367
0.3252
0.2798
0.2517
0.3835
0.3268
0.3647
0.271
0.314
0.307
0.3068
0.323
0.3048
0.2956
0.3204
0.3173
0.3351
0.3374
0.3019
0.361
0.3122
0.292
0.3106
0.3284
0.3046
0.3363
0.309
0.3742
0.2808
0.3208
0.3849
0.3042
0.3051
0.3171
0.3117
0.3445
0.2884
0.3087
0.2792
0.3024
0.2906
0.3559
0.3131
0.2659
0.3346
0.3266
0.3154
0.3048
0.3331
0.3303
0.2808
