0.1519
0.1633
0.1932
0.2073
0.1653
0.167
0.213
0.1604
0.1415
0.1674
0.1836
0.1476
0.1602
0.2323
0.204
0.1804
0.1456
0.138
0.1815
0.2007
0.1561
0.1767
0.1828
0.2065
0.1561
0.1893
0.2167
0.157
0.2056
0.1775
0.1745
0.1507
0.1956
0.1759
0.1857
0.2053
0.1977
0.191
0.1832
0.2107
0.207
0.1963
0.143
0.2209
0.1653
0.1858
0.2216
0.1624
0.1737
0.1669
0.1907
0.1707
0.171
0.1959
0.1895
0.178
0.1929
0.1991
0.1507
0.1709
0.1974
0.1956
0.1782
0.1677
0.2034
0.1749
0.1786
0.1837
0.1773
0.1593
0.1669
0.1698
0.1768
0.1875
0.1744
0.2016
0.2253
0.1801
0.1557
0.1868
0.1917
0.1736
0.188
0.194
0.1922
0.1617
0.1728
0.1648
0.1947
0.2107
0.2279
0.1721
0.1799
0.2108
0.1713
0.2302
0.1927
0.1733
0.1559
0.2143
