0.3574
0.3578
0.3409
0.3319
0.4469
0.4132
0.3781
0.3828
0.3889
0.393
0.3964
0.3971
0.3282
0.3505
0.3711
0.3783
0.3525
0.4459
0.4393
0.4319
0.3886
0.4009
0.3504
0.4012
0.4084
0.405
0.36
0.3564
0.3887
0.4892
0.4437
0.3183
0.4065
0.4386
0.3718
0.4278
0.3804
0.429
0.3276
0.3712
0.3445
0.36
0.4455
0.4418
0.4228
0.4551
0.3622
0.3857
0.3805
0.366
0.3533
0.3916
0.3905
0.3983
0.3956
0.4373
0.3156
0.3597
0.3848
0.3895
0.3569
0.3552
0.3248
0.349
0.3359
0.402
0.4102
0.4916
0.4492
0.3768
0.3646
0.332
0.4009
0.3522
0.3398
0.4393
0.3486
0.3904
0.3667
0.3822
0.3648
0.3982
0.4181
0.4246
0.4231
0.3729
0.4185
0.4022
0.3461
0.3373
0.4499
0.5203
0.478
0.4085
0.3548
0.4025
0.4455
0.3767
0.3714
0.4163
