0.1755
0.1939
0.2434
0.2459
0.1982
0.1771
0.25
0.2117
0.1761
0.2361
0.2199
0.1786
0.2136
0.2331
0.2285
0.2201
0.1728
0.1779
0.2447
0.2038
0.2015
0.2136
0.2175
0.2427
0.2002
0.2392
0.2371
0.187
0.2629
0.1958
0.1975
0.2115
0.2067
0.2129
0.1997
0.2497
0.2056
0.2346
0.2176
0.227
0.2345
0.2162
0.21
0.2319
0.2133
0.2221
0.2174
0.1782
0.2291
0.1877
0.2147
0.2132
0.202
0.2284
0.2154
0.2117
0.2246
0.2342
0.1957
0.2165
0.263
0.2391
0.2222
0.2038
0.2196
0.2143
0.2169
0.2006
0.2028
0.1819
0.2366
0.192
0.2317
0.2147
0.209
0.2105
0.2251
0.205
0.1794
0.2595
0.228
0.1998
0.2115
0.2131
0.2206
0.1854
0.223
0.1772
0.2126
0.2538
0.2651
0.2129
0.2228
0.2449
0.2163
0.2611
0.2268
0.2208
0.1762
0.204
