0.3237
0.3059
0.3112
0.2948
0.2946
0.2962
0.3254
0.3225
0.2814
0.281
0.2832
0.266
0.3209
0.2737
0.2741
0.2685
0.3302
0.3205
0.289
0.3325
0.2937
0.3161
0.3157
0.3078
0.2957
0.3196
0.293
0.3168
0.3092
0.2971
0.3009
0.2928
0.2864
0.3716
0.3152
0.3652
0.2916
0.3374
0.2864
0.3418
0.2983
0.2823
0.2749
0.2937
0.2688
0.2792
0.3305
0.3294
0.269
0.2805
0.275
0.3252
0.3083
0.2466
0.3254
0.3411
0.3652
0.265
0.3016
0.2886
0.3581
0.2846
0.3135
0.3644
0.2859
0.2775
0.2824
0.2956
0.2799
0.3048
0.2986
0.278
0.3229
0.2545
0.2775
0.2912
0.3528
0.3031
0.3313
0.2954
0.2976
0.2784
0.2281
0.3014
0.3134
0.2798
0.3038
0.3003
0.247
0.2909
0.3032
0.2749
0.3123
0.3151
0.3374
0.3072
0.2773
0.2783
0.3088
0.3258
