1.0626
1.1242
1.1416
1.1135
1.1387
1.1152
1.0682
1.1057
1.1203
1.0999
1.093
1.1154
1.0968
1.1487
1.1049
1.1739
1.0984
1.1021
1.067
1.135
1.0664
1.104
1.1172
1.0995
1.1569
1.1021
1.116
1.0699
1.1123
1.1087
1.1187
1.0911
1.1536
1.1217
1.1012
1.077
1.087
1.0921
1.0744
1.0793
1.1547
1.1087
1.0897
1.1344
1.1142
1.1098
1.1115
1.0876
1.1059
1.1481
1.0714
1.0947
1.1132
1.1539
1.0805
1.0458
1.07
1.1278
1.1173
1.1397
1.1059
1.127
1.095
1.0722
1.1108
1.1189
1.1089
1.127
1.1328
1.121
1.0883
1.1206
1.1035
1.1297
1.1471
1.0843
1.0736
1.1074
1.0907
1.069
1.1293
1.1151
1.1197
1.0796
1.1339
1.1448
1.0822
1.1113
1.1337
1.1484
1.1045
1.1048
1.0899
1.0791
1.1528
1.1074
1.1375
1.1312
1.0911
1.086
