1.3175
1.2598
1.3006
1.3301
1.2707
1.2805
1.2568
1.309
1.3293
1.2872
1.2702
1.2704
1.2837
1.2914
1.2725
1.2824
1.3219
1.2691
1.3151
1.276
1.3049
1.3095
1.3194
1.3001
1.2853
1.2872
1.2714
1.2832
1.318
1.2697
1.2797
1.2804
1.2952
1.2951
1.2859
1.2805
1.3068
1.3161
1.2941
1.3002
1.3203
1.324
1.2984
1.2894
1.3235
1.3274
1.3239
1.2889
1.3109
1.2893
1.2814
1.2713
1.2535
1.3462
1.3109
1.2977
1.3217
1.3106
1.3101
1.2483
1.3262
1.2552
1.284
1.3132
1.2957
1.3242
1.3227
1.2802
1.2471
1.2669
1.3935
1.3132
1.3161
1.3202
1.2956
1.2381
1.3093
1.305
1.2758
1.3262
1.3065
1.2715
1.3612
1.2546
1.2547
1.3124
1.3258
1.3606
1.297
1.3023
1.3166
1.2996
1.3089
1.3418
1.2615
1.31
1.32
1.2605
1.2909
1.353
