0.3933
0.3644
0.3661
0.3866
0.4088
0.3725
0.3839
0.3752
0.3945
0.4203
0.3562
0.3883
0.3862
0.3583
0.4806
0.3878
0.3795
0.3477
0.3929
0.3594
0.3679
0.3516
0.3243
0.3241
0.3582
0.353
0.3516
0.4224
0.3959
0.3663
0.3778
0.4461
0.4447
0.3303
0.3876
0.3761
0.3667
0.412
0.4596
0.3934
0.4138
0.3888
0.364
0.3821
0.4321
0.3583
0.3555
0.3683
0.4068
0.3548
0.354
0.4015
0.357
0.3659
0.4136
0.418
0.3828
0.375
0.3895
0.3588
0.3831
0.3933
0.3988
0.3679
0.3297
0.3313
0.3596
0.4016
0.4175
0.3372
0.4029
0.3877
0.4066
0.3672
0.3675
0.3778
0.4908
0.391
0.3631
0.4688
0.3495
0.3591
0.4163
0.3615
0.4037
0.3593
0.3913
0.45
0.2904
0.3791
0.3471
0.3989
0.3851
0.3392
0.3809
0.364
0.3944
0.3964
0.3713
0.3466
