1.1197
1.0441
1.0587
1.0505
1.0489
1.0631
1.0713
1.0733
1.0901
1.065
1.0823
1.0783
1.1062
1.085
1.0603
1.0576
1.099
1.0939
1.0648
1.0544
1.0547
1.0874
1.0872
1.0844
1.0749
1.0403
1.1092
1.1036
1.1165
1.0512
1.0866
1.1067
1.0658
1.05
1.0882
1.0452
1.0734
1.0955
1.0893
1.0832
1.1195
1.1703
1.047
1.0464
1.0923
1.0489
1.0876
1.019
1.094
1.1074
1.1135
1.0257
1.0687
1.0756
1.0703
1.0797
1.0848
1.0944
1.071
1.0732
1.1179
1.0737
1.0588
1.0534
1.1634
1.0435
1.0585
1.0748
1.0726
1.0791
1.0473
1.1171
1.0875
1.0944
1.0734
1.1001
1.0771
1.1022
1.0797
1.1716
1.1005
1.0867
1.0623
1.0671
1.1277
1.0853
1.1141
1.0683
1.1033
1.1088
1.0704
1.0363
1.0504
1.0628
1.0598
1.0818
1.0232
1.0616
1.0989
1.0802
