0.2838
0.2975
0.2796
0.28
0.3644
0.3341
0.3097
0.3131
0.3137
0.3176
0.32
0.3227
0.2704
0.2835
0.3063
0.3035
0.2892
0.3619
0.3584
0.3452
0.3119
0.3303
0.2806
0.3283
0.3325
0.332
0.2852
0.289
0.3054
0.3916
0.3652
0.253
0.3281
0.3659
0.2993
0.3465
0.3141
0.3425
0.2608
0.3073
0.2823
0.28
0.3619
0.3592
0.3446
0.3688
0.2982
0.3188
0.3029
0.3032
0.2838
0.3198
0.3207
0.3269
0.3232
0.3518
0.2547
0.2857
0.3149
0.3189
0.2867
0.2923
0.2636
0.2885
0.2675
0.3251
0.3345
0.396
0.363
0.3085
0.3009
0.2714
0.3217
0.2779
0.2801
0.3571
0.2871
0.3187
0.2917
0.304
0.2976
0.3224
0.3389
0.3479
0.3353
0.2975
0.333
0.3309
0.2801
0.2736
0.356
0.4296
0.3784
0.3282
0.2926
0.3259
0.3639
0.3059
0.2981
0.3371
