1.2936
1.2133
1.194
1.2486
1.2138
1.2857
1.1659
1.2081
1.2835
1.2199
1.2332
1.239
1.2125
1.2635
1.2344
1.2625
1.2853
1.2577
1.2125
1.2643
1.257
1.2701
1.249
1.2619
1.234
1.2241
1.2351
1.255
1.2287
1.2519
1.2473
1.2333
1.2734
1.2435
1.2377
1.1949
1.3044
1.2613
1.2497
1.2614
1.2822
1.3085
1.2098
1.2734
1.2565
1.2819
1.3186
1.3001
1.2332
1.2546
1.2435
1.2052
1.199
1.2899
1.2649
1.2381
1.2531
1.2437
1.2415
1.1728
1.2138
1.1782
1.2116
1.2746
1.2766
1.2888
1.2648
1.2747
1.2103
1.2496
1.302
1.299
1.239
1.2837
1.262
1.2003
1.2647
1.2731
1.2529
1.2023
1.2253
1.2294
1.3222
1.2197
1.2224
1.2827
1.2574
1.3828
1.2817
1.2445
1.2871
1.2491
1.2468
1.3131
1.1936
1.2549
1.2452
1.2071
1.2574
1.3574
