0.408
0.3115
0.3452
0.3655
0.302
0.3404
0.3156
0.3175
0.3433
0.276
0.3206
0.2758
0.3039
0.3837
0.327
0.3249
0.3181
0.3575
0.315
0.2938
0.3409
0.3179
0.2736
0.3684
0.2938
0.337
0.3305
0.3585
0.4257
0.3529
0.3273
0.3535
0.3475
0.2904
0.2891
0.3323
0.3393
0.3265
0.3021
0.3343
0.2632
0.2825
0.3042
0.3117
0.3743
0.3591
0.3642
0.2836
0.3047
0.2862
0.2913
0.326
0.3023
0.3974
0.3299
0.3164
0.2778
0.2915
0.2445
0.3005
0.3321
0.3127
0.3345
0.325
0.3738
0.2915
0.2891
0.3098
0.3561
0.3545
0.3612
0.3165
0.3456
0.3437
0.3379
0.3351
0.3341
0.3263
0.4313
0.3623
0.2874
0.3416
0.2475
0.2785
0.3932
0.3572
0.3297
0.26
0.3626
0.2658
0.2774
0.3196
0.3473
0.3436
0.331
0.2424
0.3972
0.2719
0.3045
0.3291
