1.0395
1.0475
1.0642
1.0966
1.0242
1.0588
1.0655
1.0789
1.0681
1.0643
1.095
1.0019
1.0675
1.0688
1.0737
1.062
1.0678
1.0215
1.0273
1.0581
1.0671
1.0767
1.0586
1.0496
1.0708
1.0294
1.0742
1.0426
1.0278
1.064
1.0626
1.0708
1.0826
1.0788
1.0589
1.0709
1.0572
1.0941
1.0475
1.0134
1.1202
1.0657
1.0812
1.0578
1.0635
1.0425
1.0653
1.0049
1.113
1.1166
1.0525
1.0843
1.0315
1.0624
1.0608
1.0459
1.1188
1.0847
1.03
1.0804
1.0958
1.034
1.0499
1.0196
1.0229
1.1055
1.0533
1.0644
1.0442
1.0769
1.0904
1.0524
1.0657
1.0264
1.0572
1.071
1.0779
1.042
1.0477
1.1018
1.0557
1.0251
1.0765
1.09
1.0644
1.0353
1.0419
1.0499
1.055
1.0897
1.0266
1.0587
1.0482
1.0878
1.0451
1.1313
1.0936
1.1064
1.0539
1.0567
