1.043
1.0523
1.0409
1.0792
1.0079
1.0436
1.0575
1.0799
1.0518
1.0516
1.0765
1.0019
1.058
1.0548
1.0673
1.0477
1.0526
1.0127
1.0193
1.0513
1.0565
1.0702
1.0604
1.0286
1.0651
1.0152
1.0486
1.045
1.0352
1.0417
1.0437
1.0555
1.0689
1.0706
1.0504
1.0554
1.0567
1.0767
1.0462
1.0113
1.0993
1.0479
1.0611
1.0482
1.0559
1.0427
1.0423
0.9973
1.0832
1.0999
1.0479
1.0747
1.0121
1.0411
1.0577
1.0355
1.0873
1.0718
1.0428
1.0502
1.0732
1.0326
1.0389
1.0049
1.0101
1.0889
1.0393
1.0627
1.0405
1.0768
1.0796
1.0304
1.0596
1.0214
1.043
1.068
1.0492
1.0522
1.0378
1.0849
1.0407
1.0267
1.0691
1.0738
1.0588
1.0248
1.0367
1.0478
1.0499
1.0682
1.0151
1.0424
1.0332
1.0754
1.0452
1.1045
1.0858
1.0917
1.0338
1.0527
