0.3967
0.3873
0.4098
0.4093
0.3821
0.4872
0.433
0.3727
0.4001
0.3222
0.3893
0.4336
0.3605
0.3925
0.4388
0.4126
0.3656
0.4258
0.3772
0.4423
0.4191
0.3576
0.3666
0.4169
0.3641
0.4211
0.3685
0.4968
0.4283
0.399
0.3807
0.3756
0.3943
0.439
0.3865
0.41
0.3505
0.3875
0.3906
0.4625
0.4311
0.4704
0.3761
0.3768
0.3728
0.3867
0.3948
0.3993
0.3749
0.3909
0.4147
0.2902
0.3694
0.4343
0.4667
0.3595
0.4639
0.3331
0.3884
0.446
0.3905
0.382
0.3822
0.4033
0.4127
0.3379
0.4158
0.3364
0.4131
0.4141
0.3685
0.4464
0.4181
0.4385
0.4043
0.4641
0.4629
0.4334
0.4989
0.379
0.4888
0.4523
0.3586
0.3862
0.3981
0.3953
0.421
0.3812
0.3848
0.3839
0.3833
0.3942
0.4122
0.3398
0.3495
0.3542
0.3682
0.3805
0.4364
0.4354
