0.3321
0.3201
0.3148
0.3253
0.3438
0.3118
0.3305
0.3302
0.3434
0.3553
0.3134
0.3333
0.3383
0.3113
0.4112
0.3253
0.3345
0.3029
0.3361
0.3079
0.316
0.3059
0.2802
0.2776
0.3014
0.3008
0.3108
0.3533
0.3373
0.3142
0.3246
0.387
0.3886
0.2875
0.337
0.3158
0.3187
0.3515
0.388
0.3364
0.3535
0.3366
0.3194
0.3259
0.3724
0.3124
0.3035
0.3232
0.3397
0.3006
0.3076
0.3495
0.3095
0.3189
0.3536
0.3592
0.335
0.3219
0.3405
0.3171
0.3255
0.3428
0.3375
0.3265
0.2808
0.2819
0.3092
0.345
0.3553
0.2905
0.3485
0.3352
0.3445
0.3159
0.3135
0.3264
0.4105
0.3308
0.3108
0.4016
0.2973
0.3048
0.346
0.3079
0.3496
0.3101
0.3347
0.3804
0.2461
0.3307
0.3015
0.3451
0.3323
0.2929
0.3344
0.307
0.34
0.3379
0.3136
0.2945
