1.0558
1.1007
1.12
1.0984
1.1269
1.0949
1.0726
1.115
1.1021
1.1005
1.0842
1.0912
1.098
1.1227
1.1002
1.1424
1.086
1.0785
1.0516
1.1183
1.0726
1.0889
1.1222
1.1225
1.1362
1.0983
1.1153
1.091
1.0914
1.0824
1.13
1.0706
1.1537
1.1259
1.106
1.0698
1.1048
1.1135
1.0733
1.1084
1.1454
1.1011
1.0917
1.1172
1.0954
1.1033
1.1173
1.0851
1.0886
1.1233
1.0731
1.0819
1.1289
1.1153
1.0886
1.0506
1.0737
1.1151
1.0973
1.1288
1.108
1.1145
1.0838
1.0792
1.0941
1.0922
1.1102
1.1254
1.1111
1.0971
1.074
1.1164
1.1172
1.1124
1.1567
1.0846
1.0671
1.1316
1.101
1.0536
1.118
1.1152
1.1073
1.0691
1.111
1.1042
1.081
1.0984
1.115
1.1323
1.0841
1.1168
1.0859
1.0899
1.1492
1.1053
1.1076
1.1316
1.0874
1.0915
