0.4759
0.3703
0.4067
0.437
0.3661
0.3993
0.3794
0.3783
0.4079
0.3326
0.3922
0.3321
0.3571
0.4643
0.378
0.387
0.3825
0.4267
0.3818
0.3471
0.4285
0.3743
0.3388
0.4446
0.3553
0.4021
0.3962
0.4234
0.5029
0.4226
0.3975
0.4127
0.4093
0.3462
0.3496
0.4013
0.4097
0.3948
0.3558
0.4131
0.3201
0.3298
0.3535
0.3704
0.4431
0.4331
0.4391
0.3533
0.3735
0.3431
0.3509
0.3896
0.3624
0.4671
0.3908
0.3754
0.3322
0.3492
0.2968
0.3645
0.3934
0.3826
0.3979
0.4007
0.4359
0.3501
0.3526
0.3807
0.4232
0.4268
0.425
0.3888
0.4111
0.4218
0.4024
0.3988
0.4058
0.3927
0.5169
0.4312
0.3506
0.4037
0.2964
0.3398
0.475
0.4283
0.3866
0.3215
0.4338
0.3147
0.3329
0.3889
0.4124
0.4028
0.4003
0.2936
0.4713
0.3381
0.3619
0.3856
