1.0938
1.0367
1.041
1.0609
1.0454
1.0652
1.064
1.0562
1.0732
1.0516
1.075
1.0643
1.1014
1.0756
1.0609
1.0496
1.0942
1.0915
1.0791
1.0734
1.0435
1.0929
1.0752
1.0705
1.0624
1.0515
1.0869
1.0895
1.0962
1.0476
1.088
1.0823
1.0573
1.0494
1.0649
1.0461
1.0694
1.0839
1.0703
1.0787
1.1019
1.1365
1.0415
1.0447
1.0895
1.0516
1.0924
1.0147
1.0679
1.0961
1.1016
1.0202
1.0598
1.0713
1.0599
1.0734
1.0708
1.0788
1.0684
1.0737
1.1022
1.0635
1.056
1.0633
1.1409
1.0366
1.0534
1.057
1.0604
1.0593
1.0377
1.1033
1.0776
1.0777
1.0777
1.0823
1.0718
1.0874
1.0606
1.1505
1.0805
1.0709
1.0742
1.0652
1.1185
1.0643
1.1028
1.0671
1.0925
1.1065
1.0688
1.0468
1.0533
1.0621
1.0562
1.0624
1.0214
1.0498
1.0903
1.0745
