0.3217
0.322
0.3203
0.322
0.3079
0.3886
0.3448
0.3076
0.3167
0.2592
0.3075
0.3479
0.2899
0.3099
0.3479
0.3282
0.2922
0.3455
0.3053
0.3527
0.3414
0.2877
0.3024
0.3306
0.2867
0.3437
0.29
0.4037
0.3445
0.3176
0.3089
0.3039
0.3091
0.3503
0.3059
0.3243
0.2844
0.3083
0.3177
0.3741
0.3428
0.3744
0.2939
0.3022
0.2989
0.3204
0.3127
0.3249
0.2983
0.3175
0.3357
0.2349
0.2957
0.3477
0.3714
0.294
0.3585
0.267
0.3168
0.3536
0.3081
0.3144
0.3104
0.3193
0.3302
0.2665
0.332
0.2677
0.3358
0.3381
0.2999
0.3535
0.3369
0.3533
0.3215
0.37
0.37
0.3536
0.3956
0.2993
0.3832
0.3754
0.2898
0.3079
0.3239
0.3228
0.3404
0.3124
0.3092
0.3028
0.3131
0.3131
0.3348
0.2705
0.2843
0.2768
0.2965
0.309
0.345
0.353
