0.395
0.3872
0.3828
0.3605
0.3599
0.3607
0.3878
0.3843
0.3509
0.3381
0.3459
0.331
0.3874
0.3423
0.3317
0.3441
0.4042
0.4043
0.3558
0.4166
0.3598
0.4026
0.3747
0.3654
0.37
0.3902
0.3483
0.3744
0.3828
0.3879
0.3632
0.3692
0.3419
0.4454
0.3739
0.4486
0.3388
0.4084
0.3472
0.3974
0.3586
0.3435
0.3249
0.3693
0.3298
0.3354
0.3962
0.4005
0.3324
0.3528
0.3255
0.4163
0.3735
0.3158
0.3901
0.4116
0.4525
0.3252
0.374
0.3574
0.4342
0.3529
0.3811
0.4363
0.354
0.3555
0.3407
0.3455
0.34
0.3817
0.371
0.3369
0.3768
0.32
0.3282
0.3437
0.426
0.3543
0.3829
0.3599
0.3624
0.3331
0.2822
0.3707
0.3934
0.3563
0.3669
0.3642
0.3036
0.3647
0.3722
0.3264
0.3746
0.3658
0.4159
0.385
0.348
0.3352
0.3656
0.3815
