1.0085
1.002
0.9833
0.9817
1.016
1.0056
0.999
1.0036
1.0127
1.0188
1.0199
1.0229
1.0144
0.9966
1.0179
1.0327
0.9974
1.0245
1.0192
1.0414
1.0099
1.0154
1.0178
1.0069
1.0109
0.9748
0.995
1.0259
1.0158
0.978
1.0458
1.0242
1.0302
0.9905
1.0153
0.9782
1.0181
1.
1.0148
0.9858
1.0312
1.0115
1.0062
1.0374
1.0127
1.0179
1.0316
1.001
0.9947
0.9695
0.9714
1.0244
1.0056
0.9872
1.03
0.9999
0.9954
0.9949
1.0347
1.014
1.0169
1.0131
0.9968
1.0045
1.0376
1.0277
1.0268
1.0406
1.0324
1.0088
1.0024
1.0209
1.0198
1.0196
1.0157
0.9647
0.9885
1.0006
1.0109
1.0345
0.9962
1.0259
1.034
1.0195
1.0325
1.0336
1.0122
1.0369
1.0049
1.0209
1.0015
1.022
1.0205
0.9912
1.0201
0.9697
0.9993
0.9719
1.0296
1.0187
