1.0154
1.0596
1.0262
1.0064
0.9931
1.0042
0.9908
1.0043
1.0012
1.0278
1.0052
0.9813
1.0324
1.0189
1.0269
1.0094
1.0501
1.0019
1.0326
1.0043
1.0192
1.0261
1.0236
1.0506
1.0067
1.0143
1.0282
0.9978
1.0331
0.9719
0.9934
0.9876
1.0099
1.0255
1.0232
1.0424
1.0089
1.0135
1.0375
1.0094
1.0112
0.9855
1.0312
0.9925
0.9916
0.9918
1.0349
0.9902
1.0179
1.0271
1.0597
1.0287
1.0282
1.0066
1.0275
0.983
1.055
0.9845
1.0559
0.9926
1.038
1.0282
1.0215
1.0078
1.0219
1.0289
0.99
0.9988
1.0337
1.0445
1.0154
1.0248
1.0053
1.0088
1.0032
1.0548
0.9672
1.0028
1.0259
1.0165
0.9902
1.0059
1.0521
1.0437
0.9989
0.9993
1.0044
1.0396
1.044
0.9993
1.0362
1.0329
1.0497
1.0206
0.9698
1.0371
1.0172
1.0437
1.0289
1.0204
