0.511047
0.492858
0.495301
0.541013
0.477599
0.480782
0.460599
0.514770
0.515269
0.491652
0.507030
0.472613
0.495226
0.501408
0.512302
0.516126
0.493402
0.478642
0.468498
0.524402
0.498766
0.541619
0.500027
0.491336
0.477906
0.495836
0.470818
0.467599
0.515062
0.504629
0.480879
0.512255
0.488868
0.488156
0.515210
0.462165
0.515501
0.475097
0.509850
0.516380
0.497329
0.514698
0.480565
0.511915
0.508113
0.517404
0.473399
0.484487
0.489304
0.526941
0.525620
0.475825
0.496479
0.499763
0.527545
0.525679
0.538948
0.515703
0.541735
0.499778
0.521749
0.508753
0.473712
0.485532
0.491273
0.479901
0.517678
0.517900
0.513156
0.522867
0.500019
0.490334
0.508347
0.503706
0.464943
0.513539
0.528175
0.522416
0.494911
0.460776
0.480451
0.473704
0.513357
0.485836
0.512535
0.467937
0.482104
0.480117
0.485624
0.499905
0.462889
0.487316
0.535244
0.489017
0.490983
0.514118
0.491286
0.504143
0.518843
0.481350
