0.9984
1.0096
0.9977
1.0042
1.0549
1.0098
1.0103
0.9999
0.9927
1.0009
0.9891
1.0436
1.0221
1.0173
1.019
1.0057
0.9665
1.0299
1.0185
1.0152
1.0098
0.9971
1.0265
1.0087
1.03
1.0028
1.0174
1.0101
1.0162
1.0165
1.0056
1.0005
1.0194
1.02
0.975
1.0254
1.0278
1.0135
1.0059
1.003
0.9939
1.0288
0.9933
1.0327
1.0019
1.0195
1.0108
1.0221
1.0071
1.033
0.9982
1.016
0.9936
1.002
1.0014
0.9853
1.0324
0.9782
1.0073
0.9792
1.0291
0.9968
1.0271
0.9966
1.011
1.0049
1.0052
0.9966
0.9865
1.0412
1.0122
1.0249
0.9957
0.9993
1.0029
1.023
1.0564
1.0183
1.01
0.9928
0.985
1.0258
1.0258
0.9852
0.9895
1.0041
0.9892
1.0275
0.9973
1.0102
1.0023
0.996
1.0004
0.9997
1.0438
1.0104
1.0156
0.9878
0.9851
1.0019
