0.075
0.0519
0.1149
0.1051
0.0602
0.0891
0.0883
0.0786
0.0638
0.0641
0.0723
0.0862
0.0698
0.0969
0.1337
0.055
0.0882
0.0818
0.0451
0.0505
0.074
0.0904
0.08
0.0773
0.0652
0.1067
0.0887
0.0564
0.0919
0.0408
0.0774
0.0746
0.0692
0.1
0.082
0.1237
0.0826
0.0702
0.0758
0.0976
0.0566
0.0886
0.089
0.0757
0.1068
0.0891
0.0585
0.0893
0.0456
0.084
0.0831
0.0958
0.1052
0.0747
0.0588
0.0854
0.0624
0.0749
0.0706
0.0807
0.0836
0.0777
0.1545
0.0763
0.044
0.1036
0.0735
0.1297
0.047
0.0652
0.0602
0.0479
0.0818
0.0661
0.076
0.1187
0.1168
0.1014
0.1037
0.0559
0.0912
0.0812
0.0709
0.0744
0.0501
0.0816
0.0685
0.0621
0.1041
0.0561
0.0978
0.0676
0.087
0.0932
0.0711
0.0851
0.1019
0.0993
0.0931
0.0902
