1.0792
1.0018
1.0257
1.0402
1.0812
1.0619
1.0647
1.074
1.0562
1.05
1.0615
1.0637
1.0494
1.0849
1.0948
1.0901
1.0594
1.0561
1.0579
1.0616
1.0602
1.0355
1.0536
1.0546
1.0328
1.034
1.0659
1.0699
1.0573
1.0694
1.1062
1.0632
1.0772
1.1131
1.0422
1.0482
1.0855
1.0791
1.1036
1.0296
1.0855
1.0548
1.0849
1.0992
1.0793
1.0605
1.0497
1.0616
1.1004
1.1047
1.0608
1.0508
1.0567
1.0341
1.0466
1.05
1.0461
1.0962
1.0383
1.0788
1.0715
1.0408
1.0598
1.0415
1.074
1.0597
1.0887
0.985
1.0408
1.0832
1.068
1.0803
1.1165
1.0665
1.0267
1.0515
1.0698
1.0824
1.0584
1.0534
1.0712
1.0688
1.024
1.0144
1.0802
1.
1.0715
1.0645
1.0538
1.109
1.0947
1.1013
1.0871
1.0771
1.0957
1.0682
1.0527
1.0603
1.0661
1.0446
