0.4757
0.5251
0.6492
0.4839
0.4378
0.4705
0.4876
0.5147
0.4709
0.484
0.6066
0.4423
0.525
0.5658
0.4555
0.6145
0.5109
0.5158
0.4836
0.497
0.4521
0.5152
0.5022
0.5166
0.4829
0.5375
0.569
0.3769
0.5227
0.4001
0.3854
0.508
0.486
0.5115
0.5888
0.5701
0.5963
0.5306
0.4035
0.5879
0.5956
0.5647
0.4519
0.5449
0.4714
0.5133
0.527
0.5189
0.4636
0.4784
0.4786
0.4565
0.5043
0.5603
0.4538
0.5533
0.5816
0.5086
0.7067
0.5894
0.5017
0.5393
0.4884
0.5263
0.4995
0.4791
0.4428
0.5812
0.5752
0.5123
0.4409
0.5759
0.5363
0.5323
0.4774
0.4768
0.5946
0.4821
0.4671
0.5055
0.5445
0.4151
0.5405
0.4873
0.5762
0.5113
0.4156
0.5374
0.5212
0.4673
0.4951
0.4096
0.5689
0.5191
0.5143
0.5177
0.4832
0.444
0.4753
0.566
