0.302415
0.297420
0.306424
0.308082
0.305220
0.340104
0.274463
0.311702
0.289182
0.313269
0.259290
0.345753
0.309105
0.333894
0.321728
0.298827
0.300189
0.315953
0.280144
0.254822
0.272987
0.306429
0.299633
0.323566
0.292255
0.350445
0.271655
0.281449
0.273050
0.290042
0.358738
0.290989
0.320259
0.332584
0.290191
0.350587
0.275412
0.297375
0.269696
0.283799
0.287851
0.303288
0.282236
0.304714
0.308536
0.312038
0.338009
0.273171
0.280043
0.319986
0.320458
0.296311
0.302995
0.287704
0.288139
0.310770
0.260024
0.296661
0.266429
0.303628
0.292346
0.294545
0.295236
0.308388
0.306959
0.326934
0.284945
0.291715
0.309164
0.284254
0.309277
0.279651
0.312449
0.314945
0.274662
0.296409
0.302110
0.336516
0.302923
0.308875
0.288903
0.317643
0.303382
0.299084
0.284710
0.304614
0.303997
0.305321
0.296992
0.339085
0.288115
0.292896
0.323664
0.305296
0.293451
0.324238
0.324529
0.304328
0.308108
0.346457
