0.9972
1.0087
0.9923
0.9955
1.0478
1.0029
1.003
1.0021
0.9895
0.9989
0.9846
1.0372
1.0215
1.0114
1.0157
1.0025
0.9622
1.0246
1.0169
1.0093
1.0032
1.0001
1.0209
1.0051
1.0341
1.0028
1.0163
1.0032
1.0151
1.0149
1.0072
1.0047
1.0128
1.0154
0.9752
1.0223
1.0189
1.0125
0.9996
0.9924
0.9893
1.0296
0.9944
1.0221
1.0001
1.0179
1.0061
1.015
1.0033
1.0299
0.9971
1.0162
0.9907
0.9977
1.0018
0.9772
1.0201
0.9751
1.0079
0.9811
1.026
0.9962
1.0253
0.9928
1.0072
1.0049
0.9953
0.9937
0.9859
1.045
1.008
1.0145
0.9894
0.9972
1.0022
1.0202
1.0519
1.0096
1.0066
0.9937
0.9826
1.019
1.0124
0.9748
0.9787
1.001
0.9839
1.0233
0.997
1.0028
0.9987
0.9967
1.0008
0.9983
1.0325
1.0168
1.0108
0.9827
0.9795
0.997
