0.211909
0.197955
0.218914
0.219251
0.194949
0.194658
0.205690
0.210576
0.186756
0.219426
0.194939
0.195750
0.207281
0.216860
0.229643
0.175793
0.223966
0.173373
0.213817
0.202871
0.189989
0.194011
0.189038
0.190421
0.202387
0.192702
0.189472
0.200742
0.213913
0.194352
0.172959
0.216569
0.173541
0.215780
0.199371
0.217848
0.176640
0.232601
0.232648
0.186994
0.218204
0.203759
0.206431
0.187197
0.190143
0.227835
0.208833
0.193454
0.204269
0.189788
0.213061
0.155068
0.190157
0.206797
0.241440
0.233769
0.219318
0.191937
0.207723
0.209034
0.227552
0.208149
0.193032
0.214143
0.218077
0.191799
0.238608
0.205891
0.159075
0.193930
0.214601
0.192783
0.190367
0.150665
0.192292
0.204085
0.218267
0.187048
0.183024
0.165564
0.181742
0.210998
0.233960
0.208692
0.191478
0.170350
0.228579
0.225258
0.195541
0.222369
0.208404
0.172110
0.198458
0.195700
0.172516
0.203735
0.195528
0.198287
0.187943
0.205653
