0.1925
0.1476
0.2108
0.239
0.2426
0.1893
0.2797
0.2417
0.1807
0.2105
0.1852
0.2386
0.1813
0.2723
0.1973
0.1726
0.1747
0.219
0.2052
0.2292
0.1831
0.2462
0.1763
0.1657
0.2096
0.1956
0.1474
0.2098
0.1933
0.2696
0.2223
0.2663
0.183
0.1924
0.2096
0.2305
0.1798
0.1908
0.1881
0.1934
0.2475
0.218
0.2157
0.209
0.1844
0.2687
0.1987
0.1907
0.1953
0.1438
0.1775
0.119
0.1667
0.2122
0.2677
0.296
0.1638
0.2288
0.175
0.2421
0.2548
0.1711
0.1736
0.2136
0.1957
0.2358
0.278
0.2243
0.1861
0.1621
0.2059
0.2052
0.2177
0.166
0.1912
0.1484
0.2608
0.1726
0.1676
0.1571
0.1928
0.2248
0.1788
0.2184
0.2011
0.2568
0.2167
0.2179
0.1933
0.2785
0.1586
0.1801
0.2194
0.1595
0.255
0.1631
0.1793
0.1618
0.1724
0.2375
