0.4057
0.4459
0.5554
0.4126
0.3753
0.4075
0.4076
0.4419
0.4075
0.4148
0.5178
0.3814
0.4347
0.4891
0.3887
0.5243
0.4544
0.4374
0.4146
0.4285
0.3873
0.4497
0.4367
0.4405
0.4185
0.4517
0.48
0.3251
0.4472
0.3464
0.3198
0.4387
0.4151
0.4295
0.5072
0.4893
0.5164
0.4457
0.3516
0.5154
0.5178
0.4787
0.3842
0.4716
0.4118
0.4488
0.4447
0.4507
0.3955
0.4062
0.4184
0.3867
0.4289
0.4912
0.3907
0.4834
0.5029
0.4324
0.6145
0.5089
0.4336
0.4606
0.4201
0.4522
0.4356
0.4161
0.3779
0.5012
0.4997
0.4388
0.3841
0.4851
0.4585
0.4615
0.4033
0.4147
0.5174
0.4097
0.3936
0.4377
0.4729
0.3586
0.464
0.4196
0.4941
0.4352
0.3619
0.4635
0.4501
0.3966
0.4126
0.349
0.4796
0.4427
0.4505
0.4411
0.4165
0.3752
0.41
0.4768
