0.0903
0.0621
0.1353
0.1275
0.0738
0.1036
0.1089
0.0914
0.077
0.0766
0.0862
0.108
0.0893
0.1126
0.1553
0.0674
0.101
0.103
0.0547
0.0586
0.0913
0.1053
0.0936
0.0909
0.0811
0.1303
0.1017
0.0662
0.1097
0.0505
0.096
0.0899
0.0822
0.1184
0.1018
0.1496
0.0994
0.0852
0.0904
0.116
0.0681
0.1051
0.1091
0.0906
0.1256
0.1099
0.0686
0.1113
0.0545
0.0964
0.1006
0.1177
0.13
0.0863
0.0659
0.1059
0.0723
0.095
0.0851
0.0996
0.1
0.0904
0.1758
0.091
0.0529
0.1268
0.0919
0.153
0.057
0.0788
0.0761
0.0546
0.0953
0.0787
0.088
0.1381
0.1346
0.1183
0.1241
0.0672
0.1081
0.0966
0.0853
0.0891
0.059
0.0951
0.0759
0.0742
0.1228
0.0654
0.1137
0.081
0.1053
0.1126
0.0861
0.1
0.1208
0.1195
0.1074
0.1111
