1.0624
0.9832
1.012
1.0312
1.0592
1.0518
1.0483
1.0585
1.0431
1.0258
1.041
1.0452
1.0341
1.0531
1.0779
1.0669
1.0541
1.0314
1.0437
1.042
1.0434
1.0263
1.0405
1.04
1.0225
1.0222
1.0482
1.0597
1.0341
1.0555
1.0779
1.0422
1.0488
1.0957
1.027
1.0324
1.08
1.058
1.0839
1.0165
1.0611
1.0309
1.0557
1.0752
1.0761
1.046
1.0276
1.0435
1.078
1.0893
1.0545
1.0294
1.0463
1.0138
1.0321
1.0319
1.0236
1.0711
1.0197
1.0626
1.0435
1.0245
1.0431
1.0217
1.057
1.0443
1.0743
0.9754
1.0204
1.0746
1.0604
1.0593
1.0851
1.0459
1.0137
1.0395
1.0539
1.0625
1.0458
1.0363
1.0487
1.0571
1.0154
0.9979
1.0666
0.9922
1.0534
1.0461
1.0391
1.0824
1.0675
1.0711
1.0632
1.0472
1.0773
1.0441
1.0308
1.0575
1.0493
1.0288
