1.0253
1.0677
1.0357
1.0198
1.0012
1.0132
1.0057
1.015
1.0135
1.0349
1.0158
0.9898
1.0375
1.0257
1.0388
1.0163
1.0611
1.0152
1.0464
1.0139
1.0345
1.0247
1.0291
1.0604
1.0193
1.0274
1.0446
1.0054
1.042
0.9746
0.997
0.9978
1.0125
1.0334
1.0299
1.055
1.0108
1.0249
1.0487
1.0162
1.0128
0.9952
1.043
1.0007
1.0059
1.002
1.0364
1.0047
1.0327
1.0353
1.0797
1.0297
1.0352
1.023
1.0349
0.9897
1.058
0.9939
1.0668
0.9995
1.0455
1.0347
1.0277
1.0064
1.0308
1.0398
0.9963
1.0128
1.0414
1.0567
1.0231
1.0389
1.0155
1.0145
1.0167
1.0631
0.9751
1.0232
1.0392
1.0272
0.9947
1.0129
1.066
1.0441
0.9959
1.011
1.0107
1.0423
1.0526
1.0061
1.047
1.035
1.069
1.0272
0.9795
1.042
1.021
1.0539
1.0329
1.0381
