1.0148
1.007
1.0107
1.0436
1.0405
1.0275
1.0323
1.0612
0.9963
1.008
1.0113
1.0223
1.0242
0.9893
1.0267
1.0485
1.0563
1.0365
1.0618
1.0232
0.9801
1.0446
1.
1.0068
1.0448
1.0394
0.9999
1.0116
0.9934
1.0129
1.0223
1.0174
1.0036
1.0205
1.0246
1.0246
1.0083
1.0229
1.0245
1.019
1.0137
1.0138
1.0337
1.0281
1.0319
1.0364
0.995
1.0542
1.0214
1.0394
1.0257
1.0374
1.0121
1.0514
1.0341
1.0181
1.047
1.0347
1.0567
1.0237
1.0217
1.0341
1.0248
1.0477
1.0214
1.054
0.9712
0.9826
0.9823
1.0324
0.9992
1.0309
1.0297
1.0466
1.0907
1.0135
1.0308
1.0443
1.0831
1.031
1.0131
1.0401
1.0683
1.0114
1.0436
1.0348
0.9906
1.051
0.998
1.0348
1.0276
1.0116
0.9817
1.0593
1.0292
0.9979
1.0079
1.0399
1.0547
0.9879
