0.085019
0.062165
0.111732
0.095374
0.089602
0.107766
0.093155
0.090024
0.075051
0.090707
0.089737
0.109581
0.098859
0.119308
0.140935
0.092613
0.115530
0.097978
0.071053
0.080071
0.103764
0.108005
0.113857
0.094323
0.105804
0.092944
0.095211
0.071442
0.108682
0.031744
0.125036
0.101711
0.094270
0.096214
0.111339
0.112906
0.108401
0.077902
0.089553
0.088189
0.092432
0.091116
0.110427
0.105412
0.128506
0.120581
0.100008
0.091824
0.061829
0.085431
0.092527
0.119268
0.104731
0.083533
0.090445
0.082731
0.080347
0.098558
0.107081
0.099323
0.114024
0.087445
0.132477
0.099494
0.089832
0.128443
0.112353
0.126676
0.073716
0.077905
0.089851
0.069005
0.092699
0.098930
0.088045
0.107077
0.104349
0.117635
0.115800
0.091914
0.103647
0.115044
0.106900
0.098958
0.084667
0.106905
0.092451
0.114491
0.115685
0.085507
0.120113
0.104155
0.117782
0.101114
0.103247
0.076707
0.119569
0.091137
0.125068
0.098966
