0.2631
0.3135
0.2895
0.2683
0.2305
0.329
0.2398
0.2123
0.2788
0.2888
0.2185
0.272
0.2593
0.3215
0.2839
0.216
0.2161
0.2647
0.1839
0.2257
0.2454
0.2222
0.2827
0.3026
0.2273
0.327
0.3004
0.3078
0.2652
0.2665
0.3692
0.3129
0.2769
0.3242
0.2151
0.2897
0.2796
0.2628
0.2456
0.2633
0.2812
0.2724
0.3064
0.2572
0.3226
0.246
0.3276
0.1909
0.2785
0.2908
0.263
0.2507
0.2872
0.256
0.2781
0.2737
0.2049
0.2235
0.167
0.2697
0.2652
0.283
0.2787
0.2119
0.2524
0.2621
0.281
0.2809
0.3147
0.2108
0.3397
0.2459
0.2418
0.2444
0.174
0.2458
0.2619
0.2592
0.2282
0.2868
0.2088
0.2678
0.1971
0.3307
0.2173
0.2777
0.2418
0.2575
0.2615
0.3238
0.2591
0.3082
0.3156
0.2519
0.2604
0.3122
0.2656
0.2596
0.2498
0.2931
