0.1627
0.1242
0.1768
0.2038
0.2039
0.1575
0.2425
0.2074
0.1504
0.1816
0.1585
0.2048
0.1544
0.2349
0.1684
0.1441
0.1459
0.1822
0.1727
0.1929
0.1508
0.2117
0.1498
0.136
0.178
0.1623
0.1198
0.1775
0.1621
0.2235
0.1882
0.2265
0.156
0.162
0.176
0.1928
0.1592
0.1634
0.1584
0.1664
0.2097
0.1861
0.1811
0.1799
0.1543
0.2257
0.1703
0.1608
0.1608
0.1215
0.149
0.1018
0.1417
0.1786
0.2221
0.2566
0.1445
0.1931
0.1458
0.2046
0.2228
0.1448
0.1457
0.1877
0.1651
0.1989
0.2334
0.1924
0.1581
0.1341
0.1746
0.172
0.1848
0.1372
0.162
0.1241
0.2226
0.1383
0.1374
0.1312
0.1642
0.1892
0.1492
0.1887
0.175
0.2141
0.1858
0.1906
0.1608
0.2408
0.1311
0.1519
0.185
0.1333
0.2164
0.1402
0.1519
0.1352
0.1474
0.199
