0.019921
0.042360
0.030347
0.070021
0.065407
0.055550
0.074065
0.048767
0.066504
0.034070
0.038047
0.072426
0.013154
0.069887
0.048114
0.038253
0.055252
0.040094
0.058074
0.045804
0.024842
0.027044
0.048971
0.041374
0.044368
0.052441
0.052390
0.048849
0.040007
0.065028
0.066234
0.037331
0.021495
0.043039
0.053471
0.071318
0.055614
0.031567
0.049770
0.046093
0.058973
0.020993
0.050549
0.043627
0.047123
0.063984
0.048212
0.039106
0.045206
0.055165
0.021589
0.049370
0.080314
0.064884
0.065501
0.051439
0.064809
0.036704
0.063853
0.025937
0.057939
0.050549
0.067169
0.043390
0.044103
0.040748
0.062624
0.049531
0.056674
0.041642
0.039080
0.048332
0.046108
0.075174
0.051411
0.029707
0.053804
0.062415
0.073143
0.055275
0.055997
0.069148
0.058621
0.045964
0.045249
0.052856
0.042485
0.033057
0.036963
0.067867
0.026415
0.066615
0.042196
0.028057
0.072699
0.053452
0.044627
0.046804
0.053104
0.036971
