0.0177
0.0354
0.0282
0.0575
0.0156
0.0483
0.0633
0.0544
0.0571
0.0267
0.0513
0.0363
-0.0017
0.0442
0.0285
0.028
0.0741
0.0262
0.0387
0.0335
0.0179
0.022
0.0263
0.0378
0.0269
0.0455
0.0594
0.0442
0.0262
0.0531
0.0469
0.029
0.0081
0.0312
0.063
0.0486
0.0323
0.0232
0.0392
0.0513
0.0748
0.0015
0.0482
0.0256
0.0506
0.0615
0.042
0.0331
0.0332
0.0275
0.019
0.0298
0.0889
0.0583
0.057
0.0489
0.0337
0.0466
0.0535
0.0383
0.0376
0.0436
0.0523
0.0395
0.0315
0.0335
0.0621
0.0484
0.0544
0.0055
0.0326
0.0381
0.0439
0.0633
0.0475
0.0167
0.0134
0.0356
0.0514
0.0501
0.0584
0.0541
0.0414
0.0463
0.0466
0.0385
0.0476
0.0114
0.0424
0.0639
0.0221
0.0567
0.0503
0.0288
0.035
0.0424
0.0281
0.0432
0.066
0.03
