1.0131
1.0045
0.9806
0.9891
1.0251
1.0063
1.0038
1.0026
1.021
1.0213
1.0215
1.0362
1.0258
0.9968
1.0283
1.0392
0.9967
1.0354
1.0218
1.042
1.0207
1.018
1.0204
1.0114
1.0182
0.9832
0.9986
1.0285
1.0234
0.9802
1.0536
1.0285
1.0331
0.9936
1.0247
0.989
1.025
1.0077
1.0169
0.9903
1.0337
1.0138
1.0133
1.0454
1.0195
1.0225
1.0348
1.0123
0.9971
0.9715
0.98
1.0382
1.0197
0.9875
1.0266
1.0153
0.9967
1.0024
1.0418
1.0232
1.0245
1.0137
0.9995
1.0131
1.0412
1.0337
1.0362
1.0461
1.0341
1.0124
1.0085
1.0183
1.021
1.0229
1.0201
0.9694
0.9875
1.0067
1.013
1.0404
1.004
1.0282
1.0396
1.0211
1.0351
1.0311
1.0099
1.0417
1.014
1.0232
1.0034
1.0275
1.0299
0.9985
1.0247
0.9738
1.0083
0.9789
1.0289
1.0324
