0.3172
0.3614
0.3316
0.3093
0.2679
0.3813
0.284
0.2578
0.3219
0.3316
0.2559
0.3145
0.3046
0.3774
0.3349
0.2493
0.2556
0.307
0.2208
0.2696
0.2846
0.2642
0.3328
0.3613
0.2742
0.3829
0.3478
0.3568
0.3103
0.3105
0.4373
0.3673
0.3122
0.3803
0.2572
0.3401
0.3312
0.3048
0.2858
0.3036
0.3249
0.3285
0.363
0.3017
0.3772
0.2928
0.386
0.2184
0.3306
0.3322
0.3154
0.2949
0.3349
0.301
0.3222
0.3181
0.2357
0.2697
0.1961
0.3132
0.3161
0.3238
0.3237
0.2428
0.294
0.3101
0.332
0.3302
0.3605
0.2462
0.3993
0.2781
0.2869
0.2789
0.2082
0.2874
0.3087
0.3145
0.2652
0.3344
0.244
0.3083
0.2372
0.3871
0.2554
0.3235
0.2791
0.3047
0.3011
0.3812
0.2971
0.3616
0.3687
0.2966
0.3071
0.3656
0.3031
0.3009
0.2932
0.3404
