1.032
1.0257
1.0271
1.0561
1.0514
1.0461
1.0437
1.0792
1.004
1.0132
1.0303
1.0313
1.0327
1.002
1.0468
1.0591
1.0599
1.0379
1.0779
1.0371
0.9907
1.063
1.0135
1.0231
1.0586
1.0515
1.0067
1.0305
1.0094
1.0312
1.0423
1.027
1.0074
1.0448
1.0316
1.0355
1.0074
1.0324
1.0359
1.0217
1.021
1.0197
1.0561
1.044
1.0434
1.0529
1.0132
1.0628
1.0374
1.0495
1.0373
1.0591
1.0237
1.0675
1.0422
1.0247
1.0532
1.0495
1.0624
1.0333
1.0398
1.0489
1.0311
1.0516
1.0318
1.0655
0.9821
0.9998
0.9919
1.0312
1.0065
1.0405
1.0408
1.0549
1.1019
1.0279
1.0449
1.0588
1.0907
1.0417
1.0196
1.0425
1.0875
1.033
1.056
1.0537
1.0022
1.0647
1.0018
1.0499
1.0363
1.024
0.9933
1.0686
1.0425
1.0123
1.0141
1.0511
1.057
0.9994
