0.021
0.0413
0.0367
0.0705
0.0222
0.0594
0.0753
0.0605
0.0681
0.0317
0.0624
0.0476
-0.0016
0.0542
0.0351
0.0339
0.0873
0.0339
0.0483
0.0417
0.0241
0.0242
0.034
0.0475
0.029
0.0534
0.071
0.0536
0.0311
0.0628
0.0531
0.0315
0.0126
0.0393
0.0719
0.058
0.0419
0.0278
0.0483
0.0687
0.0893
0.0014
0.055
0.0367
0.0606
0.0714
0.051
0.0426
0.041
0.0341
0.0229
0.0348
0.1067
0.0695
0.0664
0.0602
0.0456
0.0554
0.0612
0.0441
0.0448
0.0512
0.0588
0.0475
0.0393
0.039
0.077
0.0577
0.0628
0.0044
0.0402
0.0498
0.0538
0.073
0.0555
0.0208
0.0184
0.0463
0.0598
0.0591
0.0697
0.0693
0.0564
0.0607
0.0601
0.0463
0.0574
0.0158
0.0512
0.0773
0.0278
0.0662
0.0575
0.0345
0.0465
0.0447
0.0365
0.0531
0.0811
0.0371
