0.4125
0.4445
0.3424
0.4367
0.5414
0.3129
0.4019
0.4182
0.3492
0.3956
0.4338
0.4249
0.3808
0.4365
0.385
0.3438
0.4575
0.358
0.4572
0.4218
0.4108
0.4427
0.437
0.4489
0.4233
0.3811
0.4164
0.3827
0.4036
0.3812
0.4047
0.4059
0.4731
0.4639
0.4152
0.4003
0.4935
0.4844
0.4502
0.3916
0.4395
0.5695
0.4027
0.4634
0.4103
0.3974
0.4811
0.3259
0.3861
0.3612
0.3879
0.4793
0.4398
0.3656
0.3801
0.4415
0.3883
0.3527
0.4687
0.3341
0.4231
0.3704
0.323
0.4515
0.4098
0.3705
0.3894
0.3934
0.391
0.4871
0.5687
0.5404
0.3761
0.4155
0.4202
0.3798
0.3969
0.4193
0.5472
0.3949
0.4387
0.3377
0.4284
0.3938
0.3753
0.3614
0.3849
0.476
0.3613
0.4856
0.4086
0.3461
0.4071
0.4819
0.3695
0.5017
0.5234
0.384
0.3162
