0.1419
0.1926
0.1267
0.1538
0.2336
0.0648
0.1607
0.1594
0.1284
0.1297
0.1596
0.1576
0.1401
0.1927
0.184
0.118
0.1809
0.1329
0.1936
0.1399
0.1404
0.1739
0.1691
0.2091
0.1559
0.191
0.1483
0.1346
0.1379
0.1309
0.1118
0.1666
0.2002
0.205
0.1515
0.1574
0.2275
0.2339
0.1939
0.1333
0.1917
0.286
0.1761
0.22
0.1955
0.1701
0.1976
0.109
0.143
0.1179
0.1689
0.2138
0.187
0.132
0.1506
0.1822
0.1872
0.1445
0.134
0.1873
0.1336
0.1624
0.1578
0.1248
0.2145
0.167
0.1417
0.1321
0.1366
0.1504
0.2286
0.2475
0.2586
0.1418
0.1271
0.1727
0.1501
0.1507
0.1718
0.2419
0.1648
0.1723
0.0971
0.1981
0.1306
0.1416
0.1265
0.1324
0.2045
0.1485
0.2102
0.1946
0.1166
0.1696
0.2371
0.1434
0.22
0.2827
0.1644
0.1455
