0.2212
0.2397
0.1825
0.2365
0.2924
0.1688
0.2174
0.2255
0.1871
0.2149
0.2351
0.2285
0.2065
0.234
0.2029
0.1829
0.2452
0.1933
0.2452
0.2308
0.2229
0.2383
0.2371
0.2425
0.2257
0.2052
0.2254
0.2084
0.2166
0.2059
0.221
0.2186
0.2556
0.2509
0.222
0.2159
0.264
0.2602
0.24
0.2113
0.237
0.3037
0.214
0.2456
0.2205
0.2129
0.2616
0.1758
0.2083
0.1946
0.2063
0.2553
0.234
0.1983
0.2015
0.2359
0.2079
0.1909
0.2541
0.1783
0.226
0.2
0.1724
0.2412
0.2191
0.2011
0.2087
0.2119
0.2093
0.2604
0.3046
0.2906
0.2029
0.2249
0.2256
0.2057
0.2161
0.2255
0.2947
0.2132
0.2394
0.1835
0.2281
0.2116
0.2032
0.1957
0.2061
0.258
0.1951
0.2605
0.2202
0.1832
0.2192
0.2514
0.198
0.268
0.2751
0.2068
0.1671
