0.371
0.4664
0.304
0.3985
0.571
0.1775
0.4315
0.4304
0.3443
0.3307
0.4247
0.3866
0.3639
0.4981
0.4325
0.2834
0.4333
0.3557
0.4659
0.3816
0.3464
0.4195
0.4398
0.5043
0.3778
0.464
0.3992
0.3546
0.3435
0.309
0.2963
0.4058
0.5108
0.5043
0.3674
0.4292
0.5559
0.5564
0.4658
0.353
0.5015
0.6662
0.4
0.5297
0.5038
0.449
0.4918
0.2804
0.3412
0.2824
0.4017
0.5117
0.4477
0.3638
0.3621
0.4334
0.4589
0.3662
0.3806
0.4766
0.3229
0.4047
0.4377
0.3075
0.5045
0.3927
0.3926
0.3114
0.3576
0.3394
0.5426
0.6189
0.6104
0.3748
0.3401
0.4151
0.3737
0.3969
0.4413
0.5769
0.404
0.4331
0.2622
0.4686
0.3519
0.3564
0.3319
0.3047
0.5644
0.3757
0.4758
0.4864
0.2825
0.4222
0.5341
0.3473
0.5165
0.6538
0.4235
0.3402
