0.301
0.3408
0.3748
0.3647
0.3611
0.3322
0.3654
0.3189
0.3196
0.2961
0.3302
0.342
0.2883
0.3623
0.3736
0.3513
0.295
0.3031
0.3475
0.3329
0.3221
0.3359
0.3115
0.3421
0.3316
0.3955
0.3611
0.3193
0.4182
0.286
0.3512
0.3154
0.3243
0.3446
0.3156
0.4025
0.3038
0.3244
0.3446
0.3389
0.3488
0.3255
0.3297
0.3274
0.2937
0.3415
0.4003
0.3288
0.3607
0.3151
0.3033
0.3297
0.3545
0.3477
0.3754
0.3332
0.3567
0.3587
0.3322
0.3167
0.3498
0.3208
0.3919
0.3305
0.3187
0.3359
0.3391
0.3655
0.4276
0.3277
0.3304
0.3244
0.3215
0.2862
0.3303
0.3107
0.3686
0.3289
0.2914
0.347
0.3257
0.3244
0.22
0.316
0.3859
0.3424
0.3319
0.3177
0.3106
0.2833
0.2976
0.314
0.2973
0.3108
0.3114
0.2857
0.3089
0.3286
0.3527
0.3704
