1.0669
1.1014
1.0489
1.0693
1.0718
1.072
1.1108
1.0573
1.0551
1.0789
1.0415
1.0965
1.1154
1.0784
1.0776
1.0644
1.0681
1.0644
1.0434
1.1607
1.083
1.0663
1.0739
1.0909
1.0768
1.0866
1.0537
1.0718
1.0451
1.0918
1.0686
1.0623
1.0527
1.0652
1.0847
1.0944
1.096
1.0777
1.0636
1.0579
1.0436
1.0516
1.064
1.1597
1.0787
1.0954
1.1022
1.0578
1.0654
1.0652
1.0776
1.0582
1.0619
1.0792
1.0788
1.0568
1.0515
1.0508
1.0394
1.0619
1.0749
1.1125
1.0786
1.1388
1.1024
1.0645
1.1115
1.0856
1.0833
1.0974
1.026
1.0534
1.0798
1.1008
1.1
1.0489
1.0928
1.0729
1.0481
1.0707
1.0736
1.0626
1.1038
1.0887
1.0588
1.0791
1.05
1.0332
1.0608
1.0676
1.1002
1.0232
1.0746
1.0829
1.0448
1.0606
1.0341
1.0568
1.0699
1.0704
