1.1082
1.0693
1.1144
1.0758
1.0393
1.087
1.0494
1.0639
1.0576
1.0804
1.0951
1.0738
1.0958
1.0875
1.1359
1.0763
1.0719
1.0878
1.0704
1.0957
1.0634
1.0768
1.0656
1.0268
1.0939
1.0938
1.129
1.0977
1.0379
1.0621
1.0397
1.0696
1.1133
1.1198
1.0778
1.0712
1.0254
1.0634
1.1016
1.1293
1.0324
1.0698
1.0709
1.0648
1.0999
1.1496
1.0878
1.1031
1.0319
1.0742
1.0793
1.0703
1.0346
1.0547
1.1228
1.0772
1.0773
1.0736
1.0776
1.0961
1.0635
1.0721
1.066
1.0671
1.082
1.0673
1.1214
1.0771
1.098
1.0682
1.0688
1.0659
1.0961
1.0604
1.0801
1.078
1.0549
1.093
1.0812
1.1023
1.0483
1.0977
1.094
1.0769
1.0956
1.0399
1.0695
1.0413
1.0905
1.1053
1.0823
1.0944
1.0925
1.1032
1.094
1.0317
1.0905
1.056
1.0769
1.1291
