0.3281
0.3582
0.358
0.3098
0.3489
0.3174
0.2743
0.3404
0.3266
0.2608
0.3867
0.3298
0.3536
0.3595
0.2844
0.3457
0.3451
0.2988
0.3392
0.333
0.354
0.3162
0.3557
0.3562
0.3461
0.3114
0.3331
0.3345
0.3223
0.3738
0.3545
0.3208
0.3154
0.3473
0.3126
0.3797
0.313
0.3303
0.3815
0.3416
0.3317
0.376
0.2527
0.3408
0.3645
0.3126
0.3232
0.3843
0.3337
0.351
0.4107
0.2661
0.3125
0.4118
0.3337
0.3291
0.3666
0.3659
0.3282
0.3661
0.2839
0.3295
0.36
0.357
0.3211
0.2992
0.309
0.3048
0.2978
0.3026
0.3439
0.2877
0.3014
0.4346
0.3175
0.2876
0.3192
0.2866
0.343
0.3429
0.4078
0.316
0.2852
0.4025
0.362
0.3361
0.3624
0.3252
0.3662
0.3195
0.3637
0.3446
0.3221
0.3562
0.3028
0.3452
0.3299
0.3019
0.3091
0.3389
