0.3236
0.3165
0.3107
0.3651
0.3142
0.3426
0.2913
0.3803
0.2664
0.3236
0.352
0.3098
0.3068
0.3009
0.3267
0.2937
0.3044
0.3536
0.384
0.2669
0.3682
0.2992
0.2983
0.3099
0.3796
0.3119
0.3281
0.3271
0.4072
0.2949
0.3124
0.3101
0.2995
0.3061
0.2691
0.3366
0.2846
0.3255
0.3506
0.3123
0.3351
0.3211
0.3558
0.2812
0.3045
0.3344
0.3207
0.3359
0.3439
0.3678
0.3474
0.3108
0.33
0.3258
0.2786
0.3813
0.3868
0.3984
0.3433
0.3229
0.2976
0.2921
0.3016
0.2791
0.2866
0.344
0.3237
0.3064
0.3165
0.3256
0.372
0.3581
0.3373
0.2587
0.3285
0.367
0.332
0.3151
0.3267
0.3323
0.2999
0.3537
0.2901
0.288
0.3176
0.3495
0.3762
0.3254
0.3399
0.3492
0.2815
0.3624
0.3245
0.3147
0.3612
0.4118
0.3488
0.3359
0.3279
0.4101
