0.2777
0.3373
0.3284
0.2946
0.3329
0.3543
0.3413
0.3016
0.3446
0.3895
0.2905
0.3476
0.2888
0.3692
0.2981
0.3581
0.3735
0.3086
0.3349
0.3384
0.292
0.3046
0.3395
0.357
0.3182
0.326
0.2926
0.4545
0.3718
0.3002
0.3644
0.3016
0.3457
0.3091
0.3149
0.3155
0.3809
0.3469
0.3115
0.2901
0.4423
0.3062
0.285
0.3471
0.3066
0.3387
0.3118
0.341
0.348
0.3478
0.3368
0.3583
0.3377
0.3743
0.3128
0.3393
0.309
0.3745
0.2736
0.2884
0.2896
0.3287
0.3742
0.3278
0.2953
0.3316
0.269
0.3196
0.385
0.3391
0.3351
0.3729
0.3243
0.3545
0.327
0.3123
0.3332
0.3462
0.2984
0.3297
0.3666
0.3411
0.3539
0.2879
0.3036
0.3319
0.3197
0.322
0.3424
0.2891
0.3171
0.332
0.3188
0.3025
0.3067
0.3854
0.3059
0.3608
0.3218
0.302
