0.3412
0.4078
0.4049
0.3566
0.4052
0.427
0.4163
0.3755
0.4265
0.4854
0.3558
0.4224
0.3553
0.4423
0.3635
0.4331
0.4615
0.3877
0.4108
0.4117
0.3498
0.3699
0.4198
0.4307
0.3817
0.4012
0.3592
0.5884
0.4654
0.369
0.446
0.3686
0.419
0.3774
0.3794
0.3767
0.464
0.4214
0.3891
0.3624
0.5298
0.3881
0.3471
0.42
0.3715
0.4231
0.3855
0.4104
0.4211
0.41
0.4018
0.4439
0.4076
0.453
0.3876
0.4114
0.3754
0.4597
0.3397
0.3555
0.3568
0.4024
0.4633
0.4025
0.3633
0.4105
0.3357
0.3835
0.477
0.4079
0.3997
0.4627
0.4014
0.435
0.397
0.3868
0.3984
0.4188
0.373
0.4065
0.4514
0.4212
0.439
0.3509
0.3708
0.4004
0.3866
0.3935
0.415
0.3432
0.3829
0.4177
0.3905
0.382
0.3798
0.4748
0.3764
0.4484
0.3876
0.3755
