0.3598
0.3376
0.4016
0.3206
0.3402
0.3384
0.4266
0.3724
0.3266
0.3301
0.4165
0.415
0.3541
0.3478
0.3194
0.3421
0.3504
0.3059
0.3541
0.3577
0.3483
0.3416
0.4465
0.3815
0.3258
0.3572
0.3477
0.3713
0.3561
0.3635
0.3709
0.3588
0.3227
0.4301
0.3374
0.3929
0.3667
0.3687
0.3546
0.3887
0.3825
0.4175
0.3523
0.3382
0.3664
0.344
0.3637
0.3206
0.3659
0.3472
0.3475
0.382
0.3569
0.3252
0.3711
0.3263
0.3469
0.3091
0.3296
0.3782
0.3424
0.3214
0.3482
0.3702
0.3386
0.3641
0.3327
0.3703
0.3771
0.3174
0.3829
0.3892
0.355
0.3437
0.3815
0.3405
0.3497
0.4424
0.4059
0.3239
0.3901
0.404
0.4057
0.3889
0.3808
0.4066
0.4105
0.3797
0.344
0.3322
0.3071
0.3828
0.3674
0.3644
0.4134
0.3775
0.4134
0.3355
0.3239
0.3146
