0.3886
0.381
0.3705
0.4373
0.3806
0.4191
0.3489
0.4505
0.3182
0.3873
0.4134
0.3705
0.3674
0.3628
0.3881
0.3666
0.3566
0.4327
0.4551
0.3268
0.449
0.3577
0.3558
0.3836
0.465
0.3755
0.4019
0.3949
0.4914
0.3569
0.3788
0.3808
0.3647
0.366
0.3318
0.4111
0.3454
0.3886
0.4333
0.3794
0.4027
0.3842
0.427
0.3489
0.3658
0.4011
0.3933
0.4037
0.414
0.4376
0.4299
0.3794
0.3981
0.3978
0.3382
0.4653
0.4671
0.4682
0.4142
0.3769
0.3571
0.3517
0.3694
0.3379
0.354
0.4213
0.3856
0.3729
0.384
0.3895
0.4456
0.4379
0.4063
0.3075
0.4036
0.4486
0.4015
0.3857
0.3993
0.4001
0.3678
0.4351
0.3517
0.3515
0.3828
0.4193
0.4495
0.3977
0.4016
0.4156
0.3415
0.4402
0.3885
0.3786
0.4393
0.5005
0.4229
0.4081
0.4052
0.497
