1.0898
1.1138
1.063
1.0777
1.0759
1.0737
1.122
1.0596
1.0626
1.0954
1.0297
1.1103
1.1194
1.0883
1.0911
1.0857
1.0693
1.0639
1.0433
1.1861
1.0854
1.0836
1.0827
1.1149
1.0837
1.0932
1.0754
1.0846
1.0441
1.0943
1.0731
1.079
1.064
1.078
1.1012
1.1049
1.1114
1.0768
1.0722
1.0733
1.0668
1.0485
1.0664
1.1812
1.0939
1.0954
1.1023
1.0626
1.0721
1.067
1.0997
1.0798
1.082
1.1075
1.091
1.0687
1.0633
1.0519
1.056
1.0742
1.0854
1.1204
1.09
1.169
1.1217
1.0659
1.1181
1.0943
1.0876
1.104
1.042
1.0649
1.0921
1.103
1.1158
1.049
1.0996
1.0817
1.0659
1.0825
1.0839
1.0824
1.1254
1.1104
1.0589
1.0896
1.066
1.0453
1.0714
1.0775
1.1228
1.0409
1.094
1.0931
1.0577
1.0447
1.0444
1.0786
1.0895
1.0681
