1.106
1.0757
1.0939
1.076
1.0381
1.0828
1.0469
1.0476
1.0495
1.0744
1.0923
1.0763
1.0888
1.092
1.1224
1.0708
1.0778
1.0768
1.0638
1.0917
1.062
1.0723
1.0613
1.0391
1.0936
1.0788
1.1128
1.1036
1.0307
1.0506
1.0372
1.0647
1.0933
1.1107
1.0805
1.0592
1.0334
1.0556
1.0917
1.1104
1.0444
1.0577
1.0613
1.0578
1.0802
1.1289
1.0716
1.0956
1.044
1.0725
1.0722
1.0558
1.0316
1.0416
1.1069
1.0808
1.0679
1.0763
1.0758
1.0791
1.0521
1.0658
1.059
1.0577
1.0727
1.0464
1.1012
1.0645
1.0872
1.0677
1.0709
1.0645
1.0874
1.0547
1.0626
1.0669
1.0551
1.0949
1.0614
1.0991
1.0393
1.0924
1.0922
1.0703
1.0859
1.0408
1.0507
1.0291
1.0904
1.0991
1.0737
1.086
1.0834
1.0804
1.0901
1.0347
1.0873
1.0591
1.0827
1.1192
