1.0932
1.0519
1.0817
1.0705
1.0248
1.1062
1.0647
1.0597
1.0496
1.088
1.0616
1.0768
1.0657
1.0589
1.0593
1.0445
1.0899
1.0958
1.0864
1.0674
1.038
1.0427
1.0805
1.0726
1.0604
1.088
1.0648
1.0846
1.0808
1.0943
1.065
1.0752
1.1001
1.061
1.0447
1.0537
1.0597
1.0322
1.0402
1.0801
1.0648
1.0664
1.0668
1.0763
1.0631
1.0532
1.0661
1.0598
1.0969
1.0817
1.0466
1.1111
1.1053
1.085
1.0399
1.0719
1.0885
1.0781
1.0445
1.089
1.1263
1.0885
1.0738
1.0366
1.0594
1.0714
1.0619
1.0413
1.0515
1.0978
1.1001
1.0609
1.0489
1.0839
1.1085
1.0646
1.0669
1.0936
1.0715
1.0633
1.0363
1.0949
1.0535
1.0416
1.0753
1.0587
1.0676
1.0697
1.069
1.0729
1.0739
1.0504
1.0405
1.0804
1.0591
1.0701
1.0801
1.0907
1.0574
1.1243
