1.09
1.0598
1.0622
1.0626
1.0656
1.0798
1.0514
1.0658
1.0584
1.0935
1.0603
1.0517
1.0982
1.0559
1.0597
1.0811
1.0759
1.0891
1.1068
1.0525
1.0544
1.0968
1.0967
1.0444
1.0654
1.076
1.0566
1.097
1.025
1.0898
1.0909
1.0579
1.0794
1.0897
1.0775
1.061
1.1035
1.1014
1.0836
1.046
1.0649
1.1018
1.0804
1.0786
1.075
1.0891
1.0572
1.1235
1.123
1.0716
1.0609
1.0262
1.0958
1.0629
1.0917
1.0777
1.0694
1.0642
1.0533
1.0737
1.0817
1.0438
1.0792
1.0681
1.0709
1.0629
1.0397
1.0582
1.0528
1.0614
1.0737
1.0589
1.0598
1.1472
1.0897
1.0784
1.067
1.0254
1.0719
1.0596
1.0691
1.0907
1.0929
1.0656
1.0357
1.0626
1.072
1.0801
1.1052
1.0945
1.0531
1.0458
1.0656
1.0518
1.1227
1.0634
1.0711
1.0425
1.0439
1.0746
