0.3926
0.4276
0.427
0.3631
0.4162
0.3854
0.3272
0.3967
0.3929
0.3096
0.4534
0.3905
0.4248
0.4279
0.3407
0.4137
0.3979
0.3551
0.4035
0.3913
0.4222
0.3779
0.419
0.4201
0.4114
0.3661
0.3939
0.4009
0.3893
0.4434
0.4275
0.3848
0.378
0.4187
0.3718
0.4517
0.3698
0.3885
0.4564
0.4046
0.3944
0.4496
0.2969
0.4059
0.435
0.3753
0.3775
0.4608
0.3891
0.4167
0.4915
0.3204
0.3839
0.489
0.3913
0.3959
0.4354
0.4396
0.3949
0.4336
0.3452
0.3883
0.4323
0.4321
0.3749
0.3584
0.37
0.3571
0.3559
0.3606
0.4096
0.3497
0.3589
0.5273
0.3883
0.3472
0.3848
0.3453
0.4077
0.4192
0.4764
0.3759
0.34
0.4771
0.436
0.4038
0.4304
0.384
0.4432
0.3845
0.4351
0.4116
0.3874
0.4261
0.3626
0.4175
0.3954
0.3653
0.3659
0.4152
