0.3491
0.403
0.4363
0.4239
0.4248
0.3839
0.4295
0.3749
0.37
0.3532
0.3904
0.3997
0.3347
0.4302
0.4312
0.4135
0.349
0.3581
0.4104
0.3896
0.3768
0.3931
0.3611
0.3933
0.3911
0.4602
0.4208
0.3735
0.4852
0.3319
0.4161
0.3729
0.3804
0.4044
0.3772
0.464
0.358
0.3888
0.4046
0.4003
0.4017
0.3884
0.3837
0.389
0.3459
0.4007
0.4704
0.3872
0.4197
0.3685
0.3501
0.3873
0.4103
0.4063
0.448
0.3877
0.413
0.4202
0.39
0.3724
0.4094
0.378
0.4656
0.3944
0.3698
0.393
0.3971
0.4273
0.4986
0.3822
0.3816
0.3771
0.3725
0.3327
0.3813
0.3686
0.4365
0.3897
0.3495
0.4086
0.3809
0.3718
0.2635
0.3793
0.4524
0.4064
0.3895
0.3701
0.3627
0.3313
0.3449
0.3691
0.3468
0.3602
0.3704
0.341
0.37
0.3968
0.4176
0.4394
