1.0523
1.1272
1.045
1.1139
1.0698
1.0965
1.0478
1.0493
1.0837
1.1213
1.0081
1.0625
1.0585
1.0777
1.099
1.0626
1.074
1.0777
1.1063
1.0789
1.0902
1.0611
1.0725
1.0644
1.1176
1.058
1.0757
1.1391
1.0564
1.081
1.1031
1.086
1.0891
1.0627
1.0748
1.1151
1.0937
1.0543
1.0687
1.044
1.0965
1.0514
1.1024
1.1107
1.0932
1.049
1.0438
1.097
1.0737
1.1096
1.1145
1.0966
1.0961
1.065
1.0874
1.1018
1.0648
1.119
1.0728
1.0851
1.1079
1.1252
1.0473
1.1461
1.1346
1.0729
1.1138
1.1031
1.1044
1.148
1.0825
1.0715
1.0872
1.0576
1.0795
1.0806
1.1114
1.057
1.032
1.0733
1.0798
1.069
1.075
1.0526
1.0891
1.0942
1.0973
1.0978
1.0924
1.1189
1.1109
1.0776
1.0958
1.0867
1.0829
1.0737
1.0863
1.0705
1.0943
1.0883
