1.0423
1.1205
1.0429
1.1014
1.0604
1.0863
1.0465
1.0424
1.0726
1.1058
0.9995
1.0545
1.0475
1.0679
1.0938
1.0524
1.0644
1.0683
1.0969
1.0786
1.0819
1.0545
1.0682
1.057
1.1131
1.0579
1.0717
1.1307
1.0448
1.0781
1.0936
1.0838
1.0691
1.0475
1.0685
1.1095
1.0841
1.0437
1.0571
1.0301
1.0916
1.0366
1.1061
1.1001
1.0805
1.0436
1.0377
1.089
1.0645
1.1004
1.1061
1.0858
1.0868
1.0557
1.0736
1.0941
1.057
1.1057
1.0608
1.0737
1.1035
1.1167
1.0401
1.1329
1.1324
1.064
1.1043
1.1073
1.0992
1.1374
1.0839
1.0675
1.0788
1.05
1.0723
1.0742
1.1062
1.0481
1.0297
1.072
1.0642
1.0647
1.0685
1.0456
1.0813
1.087
1.097
1.0887
1.0948
1.1129
1.1015
1.0708
1.0881
1.0789
1.0776
1.0658
1.0872
1.0678
1.0833
1.0822
