1.0982
1.0635
1.0639
1.069
1.0776
1.0987
1.0596
1.0786
1.0678
1.1156
1.0775
1.0593
1.1063
1.0596
1.0545
1.0836
1.0896
1.1055
1.1242
1.0665
1.075
1.1011
1.1102
1.039
1.077
1.0828
1.0619
1.1031
1.0363
1.101
1.1006
1.0706
1.0938
1.1036
1.0927
1.0672
1.1125
1.1218
1.097
1.0507
1.071
1.1128
1.0848
1.0772
1.0964
1.0932
1.0659
1.129
1.1198
1.0852
1.073
1.0438
1.1032
1.0684
1.0973
1.0779
1.0746
1.0769
1.0731
1.0829
1.0933
1.053
1.0838
1.0794
1.0776
1.0694
1.0467
1.068
1.0493
1.0663
1.0746
1.0721
1.0626
1.1502
1.1063
1.0903
1.0769
1.0367
1.0882
1.0701
1.0786
1.0894
1.1129
1.0784
1.0363
1.0829
1.09
1.0884
1.1245
1.1005
1.0606
1.0673
1.0845
1.0606
1.138
1.0731
1.0906
1.0497
1.0477
1.0897
