0.3899
0.3688
0.4299
0.3519
0.3663
0.3695
0.4598
0.4107
0.35
0.3549
0.4477
0.4472
0.3848
0.3754
0.3461
0.3641
0.3768
0.3295
0.3799
0.3876
0.3788
0.3699
0.4866
0.4097
0.3546
0.3822
0.3758
0.4
0.3909
0.3954
0.3938
0.3844
0.355
0.465
0.3626
0.4322
0.3933
0.4014
0.3844
0.4198
0.4148
0.4554
0.3809
0.3671
0.3979
0.3751
0.3889
0.3466
0.3936
0.3789
0.3757
0.4189
0.3835
0.3544
0.4086
0.352
0.3748
0.34
0.3529
0.4085
0.3714
0.3448
0.3783
0.3989
0.3628
0.3966
0.3593
0.405
0.4081
0.3481
0.414
0.4178
0.3818
0.3708
0.4074
0.3695
0.3752
0.4779
0.4397
0.3469
0.4243
0.4342
0.4344
0.4255
0.4155
0.4381
0.4434
0.4071
0.3666
0.359
0.3325
0.4091
0.3947
0.3922
0.4447
0.4079
0.4571
0.3572
0.3484
0.3385
