1.0953
1.0656
1.0853
1.0776
1.0309
1.1215
1.0745
1.0488
1.0603
1.102
1.0687
1.0909
1.0759
1.0648
1.0705
1.0578
1.0804
1.1005
1.0824
1.0788
1.0434
1.0604
1.0759
1.083
1.0708
1.0925
1.0733
1.1039
1.1028
1.1012
1.0768
1.0831
1.1109
1.0715
1.0553
1.0765
1.0783
1.0366
1.0445
1.0827
1.0799
1.0591
1.0714
1.0722
1.0735
1.0676
1.0661
1.0665
1.0925
1.0925
1.0488
1.1276
1.1277
1.0908
1.0451
1.0775
1.1016
1.1008
1.0621
1.0948
1.1448
1.102
1.0746
1.0406
1.062
1.0811
1.0783
1.0537
1.0596
1.115
1.1074
1.0745
1.063
1.1141
1.125
1.0858
1.0777
1.1077
1.0787
1.0835
1.0335
1.1016
1.0632
1.038
1.0857
1.0631
1.0739
1.0738
1.088
1.0839
1.0817
1.0662
1.0565
1.0992
1.065
1.0839
1.086
1.1023
1.0641
1.1385
