0.1542
0.1527
0.1588
0.1524
0.1603
0.1692
0.1606
0.2232
0.1498
0.1603
0.1604
0.2085
0.1141
0.1613
0.1501
0.1825
0.1952
0.1139
0.1477
0.1156
0.1396
0.1618
0.2463
0.1302
0.12
0.2425
0.2052
0.1909
0.1899
0.1524
0.2294
0.2049
0.1514
0.1636
0.1214
0.2178
0.196
0.1807
0.1377
0.1634
0.1376
0.1718
0.1861
0.1155
0.1525
0.1421
0.185
0.2195
0.1404
0.205
0.1793
0.145
0.2118
0.2644
0.1996
0.1209
0.1733
0.1755
0.1556
0.172
0.0864
0.1415
0.1556
0.1477
0.1901
0.1528
0.1443
0.1882
0.1995
0.1246
0.2296
0.2473
0.2087
0.2145
0.1609
0.2002
0.194
0.1509
0.1508
0.1666
0.2188
0.1655
0.1302
0.1759
0.195
0.1488
0.2248
0.1832
0.1988
0.1616
0.1189
0.2292
0.131
0.1948
0.198
0.1897
0.1434
0.1757
0.1915
0.134
