1.0418
1.0109
1.0309
1.0235
1.0218
1.0244
1.0205
1.0152
1.0145
1.0258
1.0237
1.0274
1.0282
1.0188
1.0146
1.0256
1.0148
1.0425
1.0223
1.0328
1.025
1.0163
1.0073
1.0259
1.0304
1.0047
1.0139
1.0114
1.0237
1.0276
1.0106
1.0132
1.0197
1.0301
1.0172
1.0128
1.0057
1.0199
1.03
1.0102
1.0311
1.0197
1.0123
1.0281
1.0308
1.0278
1.0026
1.0142
1.0313
1.0168
1.0104
1.0266
1.0133
1.007
1.0191
1.0228
1.0176
1.013
1.0292
1.028
1.031
1.0201
1.0079
1.0198
1.0123
1.0213
1.0181
1.0174
1.0198
1.0376
1.0072
1.016
1.0145
1.0215
1.0145
1.0226
1.0119
1.0193
1.026
1.0186
1.0267
1.0166
1.0237
1.0212
1.0187
1.0229
1.014
1.0226
1.0223
1.0242
1.0329
1.0071
1.0376
1.0123
1.0036
1.0193
1.0272
1.0213
1.022
1.0279
