0.3884
0.4038
0.4165
0.404
0.4221
0.4296
0.4096
0.5509
0.349
0.3995
0.4149
0.4811
0.2866
0.4206
0.3699
0.4651
0.4514
0.3231
0.3381
0.2739
0.3672
0.3784
0.5708
0.3221
0.3506
0.5761
0.5161
0.4577
0.4477
0.3379
0.581
0.5061
0.4141
0.395
0.311
0.5101
0.4577
0.4437
0.3677
0.4027
0.3501
0.4041
0.4473
0.2804
0.3707
0.3646
0.4555
0.5272
0.3699
0.4933
0.4281
0.3606
0.4894
0.6044
0.4741
0.3032
0.4518
0.4389
0.3989
0.4207
0.2411
0.3513
0.367
0.3956
0.4497
0.3785
0.3475
0.4492
0.4566
0.3274
0.5397
0.5875
0.4803
0.5405
0.4244
0.5109
0.4618
0.3804
0.3949
0.4241
0.5205
0.421
0.3507
0.4068
0.5134
0.3825
0.5176
0.4532
0.4813
0.3949
0.3268
0.565
0.359
0.4661
0.4801
0.4771
0.3502
0.4376
0.4366
0.338
0.3884
0.4038
0.4165
0.404
0.4221
0.4296
0.4096
0.5509
0.349
0.3995
0.4149
0.4811
0.2866
0.4206
0.3699
0.4651
0.4514
0.3231
0.3381
0.2739
0.3672
0.3784
0.5708
0.3221
0.3506
0.5761
0.5161
0.4577
0.4477
0.3379
0.581
0.5061
0.4141
0.395
0.311
0.5101
0.4577
0.4437
0.3677
0.4027
0.3501
0.4041
0.4473
0.2804
0.3707
0.3646
0.4555
0.5272
0.3699
0.4933
0.4281
0.3606
0.4894
0.6044
0.4741
0.3032
0.4518
0.4389
0.3989
0.4207
0.2411
0.3513
0.367
0.3956
0.4497
0.3785
0.3475
0.4492
0.4566
0.3274
0.5397
0.5875
0.4803
0.5405
0.4244
0.5109
0.4618
0.3804
0.3949
0.4241
0.5205
0.421
0.3507
0.4068
0.5134
0.3825
0.5176
0.4532
0.4813
0.3949
0.3268
0.565
0.359
0.4661
0.4801
0.4771
0.3502
0.4376
0.4366
0.338
