1.0234
0.988
1.0081
1.001
0.9986
1.003
0.9996
0.9897
1.0013
1.0067
1.0013
1.0102
1.014
0.9962
0.9977
1.0026
0.9984
1.0212
1.0108
1.0218
1.0043
1.0018
0.987
1.0112
1.006
0.9815
0.9887
0.9921
1.0059
1.0176
0.9816
0.9899
0.9952
1.0132
1.0014
0.9928
0.9889
1.
1.0087
0.9917
1.0137
1.004
0.9932
1.0162
1.0151
1.0089
0.9806
0.9917
1.0106
0.9962
0.9933
1.0099
0.9957
0.9866
0.9994
1.008
0.9929
0.9921
1.0085
1.0094
1.0159
1.0034
0.9935
0.9972
0.9954
1.0038
1.0032
0.9988
1.0045
1.02
0.9873
0.9918
0.9979
0.9952
0.9909
0.997
0.9932
1.0006
1.0041
0.9978
1.0057
0.9953
1.0036
1.0066
0.9905
1.0031
0.9955
1.0018
1.0021
1.007
1.0128
0.9807
1.0161
0.9933
0.9823
0.9958
1.0119
1.0013
1.0073
1.0113
