0.2483
0.3051
0.235
0.261
0.2236
0.2613
0.2757
0.2865
0.2981
0.2407
0.2178
0.3093
0.2754
0.2757
0.2223
0.2794
0.3236
0.2586
0.2162
0.2536
0.2656
0.2632
0.3324
0.2812
0.2853
0.2575
0.2871
0.2565
0.229
0.2307
0.2299
0.3294
0.2649
0.3124
0.2494
0.2733
0.2917
0.2837
0.2868
0.2828
0.2912
0.2748
0.2582
0.2954
0.2837
0.3025
0.3162
0.2863
0.2289
0.2575
0.2753
0.2839
0.2325
0.2797
0.2318
0.2692
0.275
0.2667
0.2547
0.2838
0.2862
0.2601
0.2876
0.2846
0.2756
0.2381
0.2791
0.3027
0.3094
0.2416
0.3125
0.2894
0.2665
0.2667
0.2637
0.2807
0.2479
0.2324
0.2675
0.2749
0.266
0.2662
0.2564
0.2732
0.282
0.3098
0.2623
0.2737
0.2419
0.2705
0.2326
0.2762
0.3245
0.2979
0.2932
0.306
0.2604
0.2916
0.2355
0.2485
