0.3092
0.38
0.3018
0.3297
0.2956
0.3263
0.3485
0.3569
0.3675
0.305
0.2896
0.3884
0.3471
0.3513
0.2788
0.3517
0.4061
0.3093
0.294
0.3287
0.3262
0.3294
0.4086
0.3591
0.359
0.3244
0.3628
0.318
0.296
0.2925
0.2877
0.3923
0.3265
0.382
0.3162
0.3436
0.3589
0.3513
0.3501
0.363
0.3618
0.3436
0.3206
0.3725
0.3541
0.3622
0.3991
0.3644
0.2799
0.3154
0.3354
0.3645
0.2919
0.348
0.2963
0.333
0.3464
0.3393
0.3271
0.3541
0.355
0.3381
0.3526
0.351
0.341
0.3035
0.3601
0.3743
0.4014
0.3018
0.3907
0.3631
0.3268
0.3452
0.3294
0.3509
0.3216
0.296
0.3309
0.3644
0.3393
0.3368
0.3208
0.3304
0.3456
0.3761
0.3343
0.3395
0.2946
0.3472
0.2921
0.3375
0.4126
0.363
0.3604
0.3747
0.3199
0.3734
0.298
0.312
