0.3667
0.3972
0.4425
0.3968
0.4885
0.3997
0.3323
0.4124
0.2982
0.3643
0.4074
0.4653
0.3663
0.4027
0.4234
0.3118
0.4434
0.4129
0.3562
0.4309
0.4629
0.4454
0.4189
0.412
0.4823
0.3913
0.3771
0.4502
0.4044
0.3325
0.4541
0.3901
0.406
0.404
0.3758
0.3818
0.4425
0.3704
0.4854
0.3359
0.4016
0.4183
0.4639
0.3942
0.3653
0.4276
0.4533
0.3675
0.3136
0.4234
0.2896
0.4242
0.4438
0.3988
0.4074
0.3997
0.4196
0.3052
0.3085
0.5049
0.3084
0.3781
0.4308
0.4134
0.4497
0.3834
0.425
0.3691
0.4558
0.3378
0.3546
0.3124
0.4615
0.5092
0.3538
0.3893
0.3647
0.4659
0.4328
0.3279
0.3773
0.3823
0.4662
0.3932
0.4259
0.4049
0.4318
0.4531
0.3654
0.4192
0.404
0.528
0.395
0.3353
0.3519
0.313
0.3675
0.3368
0.5076
0.4272
