0.2237
0.2461
0.2086
0.2263
0.253
0.2261
0.2777
0.2269
0.189
0.2332
0.1711
0.2052
0.2312
0.2649
0.2061
0.2286
0.2427
0.1758
0.2535
0.236
0.2012
0.2459
0.264
0.2548
0.239
0.2359
0.2754
0.2234
0.2153
0.2517
0.23
0.1895
0.2587
0.2231
0.2326
0.2275
0.214
0.2163
0.2526
0.2113
0.2763
0.1909
0.2288
0.2375
0.2674
0.2246
0.2084
0.2432
0.2573
0.2087
0.1779
0.2391
0.1646
0.2418
0.2535
0.2279
0.2307
0.2266
0.2377
0.1732
0.1741
0.2855
0.1734
0.214
0.2476
0.2364
0.2553
0.2185
0.2416
0.21
0.2593
0.1934
0.2
0.1781
0.263
0.2905
0.201
0.2214
0.2055
0.2635
0.2467
0.1846
0.214
0.2183
0.2656
0.2236
0.2423
0.2303
0.2454
0.2591
0.2099
0.2355
0.23
0.2974
0.2232
0.1888
0.1997
0.1786
0.2103
0.191
