0.2907
0.3511
0.3333
0.3638
0.4002
0.3217
0.4154
0.281
0.3864
0.2955
0.4064
0.3086
0.3645
0.3556
0.3418
0.3623
0.3151
0.3824
0.4012
0.3992
0.3334
0.3309
0.3205
0.3909
0.34
0.4
0.4354
0.2997
0.3821
0.3412
0.4182
0.3546
0.4
0.3806
0.2407
0.4363
0.3386
0.3514
0.4027
0.363
0.383
0.3492
0.4137
0.3496
0.351
0.365
0.411
0.3516
0.3263
0.3386
0.3012
0.3333
0.4323
0.3509
0.2904
0.3486
0.3876
0.3903
0.3902
0.3478
0.3952
0.4742
0.3025
0.4152
0.3759
0.351
0.376
0.3442
0.3803
0.3599
0.3474
0.3223
0.4367
0.3389
0.354
0.4358
0.3027
0.3827
0.284
0.346
0.364
0.4211
0.3967
0.3367
0.4532
0.3337
0.2947
0.3536
0.3568
0.3895
0.4001
0.4691
0.4262
0.3409
0.4406
0.4
0.305
0.4355
0.3224
0.3541
