0.274
0.3659
0.2143
0.3774
0.3616
0.5391
0.2716
0.2347
0.4809
0.44
0.3247
0.4085
0.2602
0.4347
0.4376
0.2882
0.2527
0.3558
0.4129
0.3918
0.3253
0.3714
0.3065
0.4861
0.2731
0.4236
0.2026
0.3755
0.3696
0.3745
0.3323
0.2785
0.259
0.2895
0.3213
0.392
0.3769
0.4584
0.3941
0.2838
0.4927
0.4185
0.3696
0.301
0.2713
0.2557
0.3034
0.474
0.3739
0.4105
0.386
0.3806
0.3526
0.3951
0.3399
0.4197
0.5938
0.2665
0.3256
0.5232
0.4685
0.4398
0.3137
0.3847
0.2407
0.3846
0.3763
0.3482
0.3353
0.3902
0.5059
0.3614
0.332
0.3533
0.2916
0.4167
0.4178
0.259
0.3424
0.398
0.2737
0.3358
0.392
0.3186
0.4099
0.3632
0.3857
0.3392
0.3005
0.4641
0.3371
0.5092
0.3317
0.3921
0.3757
0.314
0.376
0.2452
0.3378
0.3833
