0.5412
0.4383
0.4871
0.5382
0.3591
0.315
0.3413
0.5673
0.3836
0.4876
0.3548
0.3589
0.2549
0.4834
0.4973
0.367
0.365
0.3122
0.4165
0.4416
0.5878
0.5503
0.4467
0.3628
0.478
0.3722
0.5465
0.4197
0.4879
0.4813
0.46
0.5057
0.5465
0.4735
0.3746
0.4608
0.3173
0.2786
0.3878
0.3978
0.603
0.3063
0.444
0.4559
0.4258
0.3086
0.2851
0.303
0.4414
0.4257
0.4022
0.3385
0.5182
0.334
0.4841
0.5689
0.4304
0.3678
0.3467
0.4517
0.387
0.3513
0.3056
0.5432
0.472
0.5667
0.4013
0.4758
0.5648
0.4156
0.3819
0.4095
0.3028
0.4892
0.3058
0.4663
0.3758
0.4788
0.304
0.4916
0.5422
0.406
0.4367
0.4521
0.4239
0.3724
0.3753
0.3492
0.4906
0.3997
0.4069
0.3576
0.3552
0.4327
0.5765
0.4317
0.4929
0.5702
0.3577
0.3494
