0.3368
0.3455
0.4387
0.3867
0.5692
0.3863
0.2986
0.4646
0.1916
0.2998
0.403
0.444
0.4464
0.4443
0.4068
0.3437
0.4398
0.4028
0.3071
0.3616
0.4062
0.497
0.4399
0.3523
0.4487
0.4236
0.3989
0.4944
0.3986
0.2654
0.4281
0.339
0.3669
0.3445
0.3768
0.3899
0.4456
0.3757
0.4834
0.3063
0.2998
0.3914
0.4586
0.3827
0.2527
0.4198
0.468
0.4358
0.3211
0.4949
0.2504
0.373
0.426
0.466
0.404
0.4038
0.4171
0.2459
0.3026
0.5387
0.3514
0.4012
0.4725
0.3563
0.4991
0.3494
0.4472
0.3142
0.4492
0.2845
0.34
0.3144
0.4971
0.5453
0.3126
0.4188
0.365
0.54
0.411
0.3419
0.3705
0.2979
0.5084
0.4011
0.4112
0.3667
0.4054
0.4919
0.3139
0.4523
0.3526
0.601
0.4085
0.3436
0.3329
0.3068
0.3689
0.3137
0.551
0.3819
