0.11
0.1541
0.0906
0.163
0.1502
0.2414
0.1158
0.1009
0.204
0.1853
0.1417
0.1708
0.1039
0.1915
0.1884
0.1088
0.1129
0.1562
0.1775
0.1691
0.1415
0.1531
0.1334
0.2097
0.1135
0.1906
0.0863
0.1723
0.1591
0.1573
0.1427
0.1189
0.1083
0.1215
0.1359
0.1533
0.1581
0.2011
0.1582
0.1168
0.2165
0.1739
0.1539
0.1387
0.107
0.1165
0.1299
0.2103
0.1556
0.1778
0.1647
0.1678
0.1508
0.1688
0.1454
0.1775
0.2609
0.1252
0.1461
0.2342
0.2086
0.1925
0.1273
0.1569
0.0999
0.1592
0.1628
0.1515
0.1441
0.1779
0.2363
0.1513
0.1436
0.1512
0.1295
0.1836
0.1809
0.1162
0.1447
0.1739
0.1213
0.1392
0.1683
0.1371
0.1763
0.1613
0.1629
0.1527
0.1259
0.2012
0.1406
0.223
0.1362
0.1707
0.1677
0.1308
0.1555
0.1081
0.1433
0.17
