0.3681
0.3743
0.4789
0.4219
0.6103
0.4125
0.3281
0.4955
0.2162
0.3208
0.4376
0.4749
0.4821
0.49
0.4409
0.3725
0.4744
0.4308
0.3319
0.3985
0.4347
0.5434
0.4828
0.3851
0.4797
0.4669
0.436
0.524
0.426
0.2952
0.4612
0.3813
0.397
0.3767
0.4041
0.4132
0.4874
0.4009
0.5187
0.3343
0.3301
0.4224
0.4993
0.4262
0.2705
0.4524
0.5085
0.4741
0.3488
0.5349
0.2757
0.4014
0.4618
0.5005
0.4311
0.4446
0.4555
0.2684
0.324
0.5771
0.3781
0.4326
0.5129
0.3863
0.5362
0.3839
0.487
0.3395
0.4772
0.3099
0.3581
0.3352
0.532
0.5877
0.3346
0.4565
0.3949
0.5801
0.4519
0.3695
0.4029
0.3302
0.5479
0.438
0.4477
0.3865
0.4368
0.5312
0.3481
0.4837
0.3822
0.6429
0.4379
0.3689
0.3592
0.3339
0.3962
0.3354
0.6037
0.417
