0.4673
0.4533
0.4317
0.4902
0.3601
0.38
0.3442
0.4549
0.4207
0.4458
0.3332
0.3825
0.2816
0.4085
0.4108
0.4423
0.4105
0.3853
0.4615
0.4366
0.4848
0.5087
0.4881
0.367
0.4299
0.3653
0.5144
0.3894
0.4964
0.4594
0.4451
0.5674
0.397
0.4903
0.3538
0.4353
0.3257
0.3439
0.3618
0.4015
0.5379
0.3673
0.4091
0.4005
0.4659
0.3349
0.3273
0.3543
0.4233
0.4492
0.3663
0.3774
0.5231
0.3646
0.5467
0.4979
0.4448
0.3947
0.3773
0.4173
0.3826
0.3728
0.3347
0.5072
0.4496
0.5347
0.3877
0.4292
0.4713
0.3858
0.4055
0.4169
0.3951
0.4878
0.3304
0.447
0.3875
0.4816
0.3369
0.4364
0.4602
0.4249
0.4286
0.4232
0.3876
0.4259
0.3832
0.3663
0.4533
0.4534
0.3768
0.3262
0.3847
0.3765
0.4834
0.4187
0.4924
0.5104
0.3694
0.3805
