0.1549
0.1868
0.1798
0.1969
0.2156
0.1724
0.2238
0.151
0.2079
0.1585
0.2226
0.1666
0.1944
0.1923
0.1839
0.1965
0.1691
0.209
0.2176
0.2172
0.1781
0.1793
0.1714
0.2108
0.1839
0.2193
0.2374
0.162
0.2063
0.1843
0.2279
0.1915
0.2182
0.2057
0.13
0.2348
0.1828
0.1896
0.2153
0.1941
0.2065
0.1878
0.2232
0.1875
0.1929
0.1966
0.2192
0.19
0.1766
0.181
0.1629
0.1791
0.2337
0.1888
0.1546
0.1882
0.2098
0.2115
0.2105
0.1868
0.2123
0.2553
0.1633
0.2231
0.2037
0.188
0.2066
0.185
0.2061
0.1924
0.1862
0.1734
0.233
0.1831
0.1919
0.235
0.1625
0.2073
0.1519
0.1865
0.1974
0.2299
0.2123
0.1801
0.245
0.1798
0.1558
0.1903
0.1938
0.2102
0.2135
0.2542
0.2317
0.1843
0.241
0.2174
0.1647
0.2362
0.1709
0.1917
