0.2591
0.3403
0.1971
0.3559
0.3364
0.5084
0.2522
0.2177
0.4529
0.4123
0.3104
0.3837
0.2442
0.4122
0.4204
0.2695
0.2409
0.337
0.3927
0.3667
0.3064
0.3465
0.2877
0.4533
0.2513
0.4008
0.1901
0.3559
0.3519
0.3488
0.322
0.2688
0.2414
0.2756
0.3067
0.3702
0.3499
0.4296
0.3706
0.2645
0.4579
0.3913
0.3461
0.2826
0.2461
0.2402
0.2848
0.4471
0.3574
0.3796
0.3671
0.3604
0.3301
0.3757
0.3159
0.3955
0.5542
0.2517
0.3121
0.4971
0.4442
0.4125
0.2994
0.3547
0.226
0.3621
0.3543
0.3245
0.3099
0.3743
0.4814
0.3419
0.3112
0.334
0.2726
0.398
0.3879
0.2476
0.3219
0.3753
0.2552
0.3258
0.3724
0.3041
0.3905
0.3463
0.3599
0.3223
0.2867
0.4359
0.3115
0.4846
0.3056
0.3799
0.3569
0.2999
0.3544
0.2295
0.3196
0.356
