0.1841
0.2087
0.1801
0.2161
0.2004
0.2756
0.1969
0.1771
0.2444
0.2598
0.2195
0.2043
0.1643
0.2448
0.2334
0.1885
0.1941
0.249
0.2417
0.2413
0.2204
0.2224
0.1586
0.2622
0.1761
0.229
0.1781
0.23
0.1843
0.2285
0.1841
0.1897
0.2019
0.2193
0.1902
0.222
0.2336
0.2271
0.2482
0.2151
0.2714
0.2369
0.2255
0.1937
0.1651
0.1859
0.186
0.228
0.189
0.2219
0.2661
0.2251
0.2286
0.2083
0.2138
0.2246
0.3115
0.1682
0.219
0.246
0.211
0.2137
0.1917
0.2084
0.1638
0.2296
0.2329
0.2273
0.2109
0.2042
0.2732
0.2312
0.2228
0.2339
0.1679
0.2347
0.23
0.1934
0.1971
0.2523
0.2076
0.1931
0.2685
0.2006
0.2174
0.2219
0.2369
0.2196
0.2006
0.2331
0.2069
0.2192
0.2123
0.2162
0.2476
0.2311
0.2014
0.187
0.1737
0.2099
