0.1754
0.1569
0.152
0.1475
0.1952
0.1642
0.2561
0.168
0.1339
0.2091
0.0781
0.1451
0.1893
0.1964
0.1982
0.1982
0.1636
0.1526
0.1911
0.1655
0.1379
0.16
0.1841
0.2192
0.1874
0.1538
0.2086
0.177
0.1633
0.226
0.1743
0.1169
0.2007
0.1461
0.1559
0.1514
0.1612
0.1788
0.1973
0.1632
0.2254
0.1313
0.1293
0.176
0.195
0.1638
0.1075
0.1868
0.2088
0.187
0.1328
0.2157
0.1002
0.1703
0.1877
0.2037
0.1817
0.1776
0.1853
0.1068
0.1344
0.2506
0.1503
0.1678
0.2031
0.1496
0.2187
0.1519
0.2014
0.1387
0.2113
0.112
0.1437
0.1231
0.2181
0.2537
0.1358
0.1863
0.1634
0.2365
0.1855
0.1565
0.1628
0.1193
0.223
0.1739
0.179
0.1701
0.1799
0.2139
0.119
0.2016
0.1467
0.2794
0.182
0.1545
0.1426
0.1295
0.1577
0.1299
