0.2953
0.5026
0.3651
0.3698
0.3513
0.3619
0.5118
0.2973
0.3425
0.3009
0.439
0.3312
0.4209
0.3606
0.2835
0.3869
0.3741
0.3847
0.415
0.4353
0.3956
0.3522
0.3955
0.5211
0.3427
0.4475
0.5727
0.2907
0.4257
0.3261
0.4757
0.4009
0.4145
0.3476
0.2055
0.5757
0.4083
0.4218
0.512
0.4152
0.4407
0.3526
0.4588
0.3941
0.2994
0.361
0.3684
0.3803
0.3243
0.3236
0.3482
0.2736
0.5547
0.2754
0.2706
0.2889
0.4439
0.365
0.5155
0.3413
0.3943
0.6082
0.3165
0.4444
0.4246
0.3584
0.3019
0.466
0.3626
0.459
0.4052
0.3432
0.5258
0.3977
0.3452
0.5378
0.3122
0.4311
0.3028
0.4198
0.4013
0.4449
0.4593
0.3032
0.5487
0.3331
0.2539
0.4129
0.3818
0.4604
0.5336
0.5246
0.4219
0.4974
0.4892
0.3899
0.3843
0.5231
0.3199
0.3982
