0.2345
0.4092
0.2856
0.3085
0.2903
0.2846
0.4205
0.2347
0.2795
0.2413
0.3385
0.2518
0.3464
0.2872
0.2335
0.3032
0.288
0.2959
0.3289
0.3452
0.3068
0.2866
0.3215
0.4401
0.2682
0.3499
0.4565
0.226
0.3344
0.2516
0.3865
0.3359
0.3244
0.2793
0.1553
0.4732
0.3383
0.3367
0.4076
0.3388
0.3536
0.2747
0.3761
0.3309
0.2277
0.2797
0.2961
0.3061
0.256
0.2599
0.2807
0.2151
0.4572
0.2258
0.2199
0.2413
0.3514
0.3014
0.4075
0.2821
0.3304
0.496
0.2473
0.3304
0.3409
0.292
0.2262
0.3696
0.2911
0.3719
0.336
0.2776
0.4284
0.3172
0.2876
0.4502
0.2515
0.3448
0.2402
0.3434
0.321
0.3405
0.3811
0.2597
0.4444
0.26
0.2221
0.3224
0.2973
0.3631
0.4343
0.424
0.3339
0.38
0.3834
0.3122
0.2955
0.4236
0.2634
0.3171
