0.4209
0.4584
0.508
0.4564
0.5686
0.46
0.38
0.4794
0.3405
0.4211
0.4681
0.538
0.423
0.4629
0.4869
0.3628
0.5134
0.4805
0.4108
0.4918
0.5337
0.5119
0.4858
0.4711
0.5543
0.4509
0.4336
0.5266
0.4666
0.3818
0.5229
0.4481
0.467
0.4664
0.4317
0.4433
0.5078
0.4291
0.5628
0.3853
0.4613
0.4828
0.5314
0.4498
0.4203
0.4914
0.5238
0.4242
0.3605
0.4901
0.3314
0.4915
0.5133
0.4605
0.4695
0.4598
0.4823
0.3522
0.3554
0.5807
0.3578
0.4371
0.4934
0.4761
0.5236
0.4415
0.4885
0.4238
0.5248
0.3905
0.4121
0.3599
0.5342
0.5858
0.4074
0.4467
0.4212
0.5388
0.499
0.3753
0.435
0.4383
0.5403
0.4526
0.494
0.4682
0.4995
0.5218
0.4191
0.4848
0.4649
0.6202
0.4573
0.3879
0.4077
0.358
0.4245
0.3892
0.5869
0.4902
