0.3167
0.3831
0.3633
0.3969
0.4369
0.3497
0.4529
0.3063
0.4219
0.3221
0.4412
0.3344
0.3977
0.3865
0.3725
0.3939
0.3426
0.4147
0.4371
0.4331
0.3622
0.36
0.3502
0.4268
0.3694
0.434
0.4746
0.3262
0.4137
0.3701
0.4554
0.3859
0.4335
0.4138
0.2609
0.477
0.3693
0.382
0.4371
0.3953
0.4174
0.3788
0.4503
0.381
0.3798
0.3969
0.4473
0.3818
0.3545
0.3687
0.328
0.3617
0.4724
0.3821
0.3163
0.3804
0.4225
0.425
0.4244
0.3775
0.4316
0.516
0.3296
0.4494
0.41
0.3852
0.408
0.3752
0.4145
0.3922
0.3781
0.352
0.4752
0.3684
0.3853
0.4754
0.3287
0.416
0.3084
0.377
0.3962
0.4563
0.4332
0.3675
0.4958
0.3619
0.3208
0.3842
0.3874
0.4233
0.4373
0.51
0.4628
0.3698
0.4774
0.4339
0.3308
0.4746
0.3517
0.3845
