0.4444
0.4295
0.4087
0.4631
0.3408
0.3608
0.3248
0.4323
0.3984
0.422
0.3163
0.3626
0.2661
0.3862
0.3897
0.4203
0.3889
0.3659
0.4391
0.4119
0.4569
0.4817
0.4618
0.3481
0.4069
0.3468
0.4881
0.3684
0.4704
0.434
0.4208
0.5361
0.3775
0.4649
0.3343
0.412
0.3081
0.3256
0.3423
0.3809
0.5088
0.348
0.386
0.3788
0.4407
0.3173
0.3107
0.3366
0.3997
0.4271
0.3471
0.3582
0.4931
0.3462
0.5167
0.4725
0.4211
0.3711
0.3562
0.3929
0.3618
0.3539
0.3184
0.4804
0.4251
0.5059
0.3664
0.4057
0.4453
0.3647
0.3846
0.3951
0.3748
0.4622
0.3129
0.4223
0.3668
0.4577
0.3176
0.4143
0.4339
0.4035
0.4039
0.399
0.3669
0.4051
0.3632
0.3472
0.4287
0.4287
0.3578
0.3087
0.3642
0.3575
0.4535
0.3963
0.464
0.4832
0.3494
0.3592
