0.3174
0.3271
0.4169
0.3658
0.5401
0.3697
0.2912
0.4393
0.1771
0.2844
0.3829
0.4188
0.4266
0.4154
0.3811
0.3174
0.4173
0.3778
0.2929
0.3392
0.3848
0.4634
0.4103
0.3306
0.4272
0.3992
0.3732
0.4761
0.3718
0.2473
0.4022
0.3177
0.343
0.3333
0.3548
0.3646
0.4212
0.3538
0.4535
0.2899
0.2792
0.3711
0.4303
0.3651
0.2404
0.3921
0.4417
0.4106
0.3022
0.472
0.2371
0.3526
0.4009
0.4401
0.3858
0.381
0.3964
0.2307
0.2893
0.5162
0.3346
0.3783
0.4412
0.3364
0.4708
0.3283
0.4198
0.2999
0.4333
0.2573
0.3225
0.2966
0.4703
0.5264
0.3005
0.4026
0.3463
0.5123
0.3843
0.3273
0.3502
0.279
0.4834
0.3808
0.3909
0.3404
0.3848
0.4659
0.2889
0.4365
0.3295
0.5769
0.3886
0.3291
0.3155
0.2866
0.3425
0.2958
0.5264
0.3606
