0.3539
0.3829
0.427
0.3829
0.4716
0.3854
0.32
0.3986
0.2886
0.3516
0.3937
0.4494
0.3531
0.3897
0.4089
0.3017
0.4288
0.3994
0.3436
0.4162
0.447
0.4305
0.4055
0.3981
0.4664
0.3782
0.3648
0.4316
0.3907
0.3217
0.439
0.3775
0.3932
0.3877
0.3626
0.3694
0.4267
0.3582
0.4701
0.3242
0.3886
0.4036
0.4492
0.38
0.3525
0.4129
0.4377
0.3545
0.3025
0.4079
0.2789
0.41
0.4295
0.3853
0.3927
0.3859
0.4048
0.2951
0.2973
0.4863
0.2967
0.3649
0.4176
0.3991
0.4348
0.3706
0.4102
0.3562
0.439
0.3276
0.3421
0.3013
0.4461
0.4906
0.341
0.3748
0.3516
0.4491
0.4182
0.3145
0.3645
0.3691
0.4498
0.3792
0.4105
0.3924
0.4172
0.4377
0.354
0.4012
0.39
0.5077
0.3811
0.3238
0.34
0.3016
0.3559
0.3253
0.49
0.4131
