0.2751
0.3304
0.3157
0.3447
0.3792
0.3042
0.3929
0.2668
0.3655
0.2796
0.3867
0.2925
0.3444
0.3374
0.3241
0.344
0.2986
0.3633
0.3813
0.3787
0.3157
0.3138
0.3037
0.3702
0.3217
0.3814
0.4137
0.2843
0.3609
0.3239
0.396
0.3356
0.3797
0.3606
0.2282
0.4134
0.3208
0.332
0.3806
0.3434
0.3622
0.3307
0.393
0.3306
0.3335
0.3456
0.3884
0.333
0.3095
0.3205
0.2851
0.3153
0.4103
0.3324
0.2738
0.3308
0.3674
0.3698
0.37
0.3297
0.3737
0.4484
0.2875
0.3944
0.3573
0.3324
0.3575
0.3264
0.3612
0.3402
0.3291
0.3052
0.4137
0.3212
0.3361
0.4129
0.2869
0.3628
0.2684
0.3282
0.3454
0.4009
0.3757
0.3184
0.4299
0.3161
0.2779
0.3352
0.3389
0.3697
0.3794
0.4449
0.4044
0.3233
0.418
0.3807
0.2895
0.4129
0.3051
0.3354
