0.2928
0.4006
0.2394
0.411
0.3995
0.581
0.3004
0.2629
0.5279
0.4873
0.3606
0.4378
0.2886
0.4723
0.4669
0.3208
0.2742
0.3969
0.4506
0.4348
0.3586
0.3999
0.3404
0.5289
0.3086
0.4543
0.2208
0.4076
0.4034
0.4189
0.3637
0.3083
0.2791
0.3179
0.3522
0.4357
0.4069
0.5027
0.4308
0.3112
0.535
0.457
0.4024
0.3241
0.3051
0.2711
0.3293
0.5137
0.4011
0.4536
0.4219
0.4203
0.3889
0.4352
0.3771
0.4537
0.6547
0.2878
0.35
0.5666
0.5035
0.4741
0.3412
0.4192
0.2652
0.4199
0.4058
0.379
0.3737
0.4227
0.5486
0.3894
0.3578
0.3866
0.3244
0.4504
0.4539
0.2789
0.374
0.4489
0.3042
0.3683
0.4325
0.3519
0.4469
0.3952
0.4106
0.3649
0.325
0.5073
0.3782
0.5541
0.3615
0.4275
0.4163
0.352
0.4075
0.2626
0.3688
0.4228
