0.3425
0.3851
0.3331
0.4007
0.3728
0.5107
0.3607
0.3275
0.4499
0.4771
0.405
0.3806
0.3066
0.4571
0.437
0.3474
0.3612
0.4588
0.4487
0.4444
0.4115
0.4129
0.2962
0.4845
0.3243
0.4255
0.3308
0.4284
0.3439
0.4182
0.3466
0.3524
0.3735
0.4058
0.3537
0.4111
0.4317
0.4214
0.456
0.396
0.4993
0.435
0.4152
0.3622
0.3058
0.3483
0.3459
0.4245
0.352
0.4076
0.4904
0.417
0.4204
0.3874
0.3956
0.4163
0.5665
0.3137
0.4087
0.46
0.3946
0.4001
0.3539
0.3867
0.3047
0.4212
0.4322
0.4208
0.3873
0.3836
0.5138
0.4283
0.4148
0.4322
0.3113
0.4352
0.4259
0.3603
0.3645
0.4622
0.3835
0.3586
0.4954
0.373
0.4015
0.41
0.4411
0.4064
0.3722
0.4333
0.3795
0.4076
0.3924
0.4036
0.4556
0.4246
0.3754
0.3488
0.3236
0.3894
