0.4718
0.38
0.421
0.4688
0.319
0.2678
0.3086
0.4886
0.342
0.4194
0.2925
0.3089
0.2265
0.4348
0.423
0.3228
0.3278
0.2719
0.3638
0.3827
0.5128
0.4964
0.4009
0.3184
0.4252
0.3076
0.476
0.3601
0.4184
0.4274
0.4065
0.4519
0.4748
0.4138
0.3332
0.4072
0.2723
0.2331
0.3395
0.3454
0.5462
0.257
0.3884
0.4049
0.3717
0.2754
0.2442
0.2581
0.3878
0.3761
0.3391
0.2919
0.4697
0.2775
0.4217
0.5045
0.3816
0.3333
0.3048
0.4113
0.3353
0.3016
0.2604
0.4804
0.4106
0.5002
0.3532
0.4252
0.5021
0.378
0.3321
0.3517
0.2681
0.4395
0.2719
0.4115
0.331
0.4166
0.279
0.4287
0.4853
0.3511
0.3853
0.3988
0.3715
0.3138
0.3159
0.2991
0.4376
0.3465
0.3527
0.3204
0.3151
0.3831
0.5124
0.3777
0.4357
0.4978
0.3089
0.3077
