0.3708
0.4197
0.3622
0.439
0.4057
0.5574
0.3912
0.3564
0.4901
0.5204
0.4419
0.4156
0.3331
0.4993
0.4748
0.3777
0.3931
0.4994
0.4892
0.4841
0.4491
0.4506
0.3226
0.5329
0.3524
0.4639
0.3598
0.4704
0.3744
0.4553
0.3779
0.3841
0.4082
0.4426
0.3845
0.4467
0.4694
0.4619
0.4962
0.431
0.544
0.4745
0.453
0.3989
0.3337
0.3796
0.3762
0.4663
0.3828
0.4461
0.5356
0.4547
0.4561
0.4227
0.4311
0.4549
0.6182
0.3416
0.4443
0.5026
0.4308
0.4376
0.3844
0.4254
0.3317
0.4574
0.4737
0.4596
0.4219
0.4188
0.5644
0.4651
0.4514
0.4694
0.3389
0.4733
0.4636
0.3923
0.3958
0.5028
0.4179
0.3898
0.5396
0.4062
0.4365
0.4476
0.4811
0.4424
0.4038
0.474
0.4138
0.446
0.4272
0.4385
0.4952
0.4609
0.4107
0.3798
0.3515
0.4238
