0.3865
0.4202
0.4673
0.419
0.5189
0.4225
0.3499
0.4378
0.3138
0.3857
0.4305
0.4931
0.3866
0.4242
0.4471
0.3297
0.4696
0.4394
0.3769
0.4551
0.4909
0.4695
0.4423
0.4336
0.5104
0.4127
0.3982
0.4764
0.4279
0.3504
0.4803
0.4099
0.4282
0.4268
0.3976
0.4053
0.4665
0.3932
0.5144
0.3547
0.4234
0.4415
0.4891
0.4141
0.3862
0.4516
0.479
0.389
0.3312
0.4497
0.3058
0.4493
0.4688
0.4229
0.4313
0.4213
0.4426
0.3224
0.3266
0.5348
0.3263
0.4001
0.4536
0.4371
0.4756
0.4041
0.4486
0.3887
0.4829
0.3572
0.3762
0.3309
0.4894
0.5387
0.3744
0.41
0.3855
0.4957
0.4564
0.3457
0.3991
0.4027
0.4948
0.4153
0.4508
0.4286
0.4563
0.4783
0.3849
0.4441
0.4265
0.5603
0.4175
0.3543
0.3725
0.3304
0.3884
0.3567
0.5357
0.4503
