0.1063
0.1757
0.1134
0.1267
0.1286
0.12
0.1779
0.0975
0.1137
0.1061
0.135
0.1004
0.1582
0.1289
0.104
0.1311
0.1223
0.1216
0.1403
0.1402
0.1289
0.1147
0.1383
0.19
0.1067
0.1491
0.1847
0.0888
0.1299
0.1131
0.1466
0.1428
0.1309
0.1206
0.0537
0.2105
0.1428
0.143
0.1756
0.1494
0.1418
0.1216
0.1639
0.1439
0.0928
0.1181
0.134
0.1269
0.1009
0.1112
0.1062
0.0908
0.1982
0.1004
0.0842
0.1097
0.141
0.1243
0.1709
0.1278
0.1371
0.2114
0.1012
0.1471
0.1402
0.126
0.0798
0.1644
0.1191
0.1696
0.1503
0.1128
0.1999
0.1341
0.1246
0.2006
0.1139
0.1417
0.0989
0.1483
0.1401
0.1416
0.1724
0.1098
0.1869
0.1111
0.0977
0.1418
0.1256
0.1535
0.198
0.1954
0.149
0.154
0.1579
0.1444
0.1243
0.1762
0.1211
0.1263
