0.2515
0.2457
0.2326
0.2624
0.1935
0.2053
0.1829
0.2442
0.2265
0.2406
0.1793
0.2059
0.1506
0.2168
0.2208
0.2398
0.2215
0.2089
0.2515
0.2348
0.2588
0.2707
0.2597
0.197
0.2289
0.1987
0.2793
0.2083
0.2701
0.2456
0.2391
0.3077
0.2145
0.2646
0.1883
0.2343
0.175
0.1863
0.1947
0.2164
0.2868
0.1973
0.2208
0.2148
0.254
0.1797
0.1767
0.1917
0.2269
0.2404
0.1978
0.2054
0.2799
0.197
0.2961
0.2678
0.2378
0.2109
0.2016
0.2203
0.2049
0.2024
0.1802
0.2726
0.24
0.2887
0.207
0.2296
0.2504
0.2049
0.2183
0.2279
0.2108
0.2615
0.1762
0.241
0.2078
0.2619
0.1787
0.2343
0.2455
0.2296
0.2298
0.2276
0.2083
0.2331
0.2054
0.1969
0.2407
0.2458
0.204
0.1725
0.2074
0.1992
0.2558
0.2249
0.2637
0.2736
0.1983
0.2039
