0.2248
0.3895
0.2659
0.2852
0.2751
0.2687
0.3964
0.2271
0.2628
0.226
0.3168
0.2351
0.3348
0.2736
0.2145
0.2864
0.2711
0.2721
0.3059
0.3279
0.2948
0.2672
0.3044
0.4143
0.2495
0.3289
0.4237
0.2081
0.3162
0.2362
0.3604
0.3141
0.304
0.2601
0.1462
0.4451
0.3163
0.3147
0.3847
0.3194
0.3304
0.256
0.3568
0.313
0.2125
0.2627
0.278
0.2866
0.242
0.2494
0.2589
0.2056
0.4313
0.2123
0.2054
0.2247
0.3307
0.2826
0.3818
0.268
0.3103
0.4737
0.2295
0.3134
0.3168
0.2788
0.2043
0.3448
0.2686
0.3486
0.3189
0.2551
0.4107
0.2996
0.2678
0.427
0.2397
0.3255
0.2244
0.3218
0.3002
0.3175
0.3614
0.2456
0.4186
0.2469
0.2128
0.304
0.2818
0.3449
0.409
0.399
0.3146
0.3594
0.3543
0.2932
0.2753
0.3986
0.2516
0.2964
