0.2304
0.1659
0.1917
0.2171
0.1441
0.1264
0.1412
0.2402
0.1525
0.1935
0.1273
0.135
0.1075
0.2084
0.205
0.1435
0.1466
0.1219
0.156
0.1743
0.2343
0.2388
0.1891
0.1545
0.2024
0.1375
0.2255
0.163
0.1972
0.1972
0.2005
0.2015
0.206
0.1894
0.1624
0.1954
0.119
0.0946
0.1577
0.1499
0.2572
0.1198
0.1848
0.1903
0.1544
0.121
0.1032
0.1251
0.1792
0.183
0.1555
0.1322
0.2174
0.1309
0.1957
0.2255
0.1748
0.1557
0.1473
0.1988
0.155
0.1318
0.1208
0.2284
0.1942
0.2323
0.1583
0.1984
0.2385
0.1697
0.1528
0.1472
0.1248
0.2089
0.1311
0.189
0.1612
0.1988
0.1313
0.199
0.224
0.1602
0.1752
0.1847
0.1789
0.1435
0.142
0.1416
0.2144
0.1515
0.1476
0.1491
0.132
0.1759
0.2381
0.174
0.2058
0.2427
0.1379
0.1429
