0.4894
0.3947
0.4485
0.5024
0.3288
0.2845
0.3215
0.5154
0.3547
0.4452
0.3167
0.3283
0.2442
0.4504
0.45
0.3331
0.3386
0.2818
0.3724
0.4074
0.548
0.5111
0.4079
0.3327
0.4433
0.3347
0.5012
0.3816
0.448
0.4495
0.428
0.4728
0.4958
0.436
0.3496
0.4308
0.2932
0.2553
0.3601
0.3603
0.5628
0.2769
0.4155
0.4254
0.3918
0.2848
0.2581
0.276
0.407
0.3862
0.3644
0.3052
0.4879
0.3003
0.4508
0.5207
0.3952
0.3508
0.3251
0.4287
0.3551
0.3177
0.2717
0.5034
0.4345
0.5264
0.3708
0.4428
0.5265
0.3888
0.3471
0.3703
0.2766
0.4596
0.283
0.4327
0.3514
0.4381
0.2908
0.4449
0.5097
0.3712
0.4104
0.423
0.3938
0.3326
0.3389
0.3173
0.4567
0.37
0.3706
0.3303
0.3262
0.3952
0.5451
0.3986
0.4643
0.5307
0.3276
0.3258
