0.5875
0.491
0.5543
0.5719
0.4202
0.3486
0.3824
0.6284
0.4403
0.5558
0.3934
0.3969
0.2892
0.5417
0.5669
0.4245
0.3854
0.3484
0.4682
0.4849
0.6489
0.5882
0.5136
0.4134
0.5157
0.4103
0.5926
0.4769
0.5332
0.5369
0.515
0.5543
0.6207
0.5159
0.4116
0.5005
0.3475
0.3153
0.4135
0.4539
0.673
0.3391
0.4846
0.5102
0.4874
0.3424
0.3299
0.3554
0.4946
0.4787
0.4596
0.3922
0.5745
0.3769
0.5344
0.6482
0.455
0.4061
0.3848
0.476
0.4386
0.4004
0.3344
0.6079
0.5362
0.6343
0.4407
0.5236
0.6251
0.4686
0.4352
0.4747
0.3385
0.5437
0.3138
0.5108
0.4172
0.556
0.3123
0.5526
0.5846
0.4573
0.4694
0.512
0.4779
0.4283
0.4218
0.3954
0.5299
0.4497
0.4578
0.408
0.4059
0.482
0.6347
0.4763
0.5573
0.6061
0.3988
0.3885
