0.3234
0.3654
0.3162
0.3786
0.3529
0.483
0.3425
0.3107
0.4274
0.4527
0.3851
0.3596
0.2903
0.4328
0.4122
0.3295
0.342
0.4364
0.4258
0.422
0.3894
0.39
0.2809
0.4588
0.3084
0.4016
0.3133
0.4064
0.3255
0.3981
0.3285
0.3342
0.3539
0.385
0.3353
0.3892
0.4088
0.3994
0.4325
0.3748
0.474
0.4128
0.3935
0.3425
0.2901
0.329
0.3274
0.4019
0.3327
0.3867
0.4662
0.396
0.3989
0.3677
0.3753
0.3941
0.5394
0.297
0.3863
0.4344
0.3729
0.377
0.3356
0.3656
0.2885
0.3992
0.4085
0.3982
0.3688
0.3631
0.4853
0.4047
0.3914
0.4095
0.2956
0.4127
0.4018
0.3411
0.3451
0.4403
0.3642
0.3403
0.4701
0.3536
0.3816
0.3891
0.4153
0.3845
0.3526
0.4105
0.3608
0.3866
0.3714
0.3814
0.4327
0.4042
0.3551
0.3298
0.3064
0.369
