0.2537
0.441
0.316
0.3331
0.3175
0.3116
0.4599
0.263
0.307
0.2655
0.3777
0.2787
0.3721
0.3145
0.259
0.3362
0.3192
0.3299
0.3674
0.3784
0.3378
0.3133
0.3538
0.4716
0.2927
0.3923
0.5058
0.2511
0.3611
0.2788
0.4195
0.3578
0.3568
0.3034
0.1703
0.5184
0.3679
0.3668
0.4379
0.3703
0.3854
0.299
0.4117
0.3572
0.2559
0.3109
0.3213
0.3309
0.2818
0.2832
0.3044
0.2288
0.5023
0.2497
0.234
0.2662
0.3869
0.3254
0.4478
0.3046
0.3555
0.5368
0.2783
0.3678
0.3774
0.3246
0.2556
0.4077
0.3239
0.4065
0.3653
0.3033
0.4691
0.3491
0.3104
0.4886
0.2727
0.3791
0.2597
0.3763
0.3503
0.3848
0.4114
0.2781
0.4894
0.2837
0.231
0.3531
0.3348
0.4019
0.4785
0.4649
0.3655
0.42
0.4208
0.3462
0.3281
0.4613
0.2852
0.3448
