0.2651
0.3185
0.3051
0.3335
0.366
0.293
0.3793
0.257
0.353
0.2705
0.3741
0.2823
0.332
0.326
0.3135
0.3326
0.2882
0.352
0.3691
0.3654
0.3035
0.3033
0.2929
0.358
0.3107
0.3689
0.4005
0.2751
0.3482
0.3129
0.383
0.3247
0.367
0.3488
0.2203
0.3997
0.3099
0.3214
0.3669
0.3307
0.3501
0.3196
0.3791
0.3188
0.3227
0.334
0.3744
0.3222
0.299
0.309
0.2759
0.3041
0.3964
0.3209
0.2643
0.3197
0.3548
0.3574
0.3567
0.3179
0.3609
0.4322
0.2778
0.3801
0.3455
0.3211
0.3462
0.3158
0.3497
0.3288
0.3174
0.2953
0.3976
0.31
0.3254
0.3988
0.2765
0.3504
0.259
0.3174
0.334
0.3881
0.3628
0.3071
0.4153
0.305
0.2679
0.3236
0.3276
0.3571
0.3659
0.4302
0.3909
0.3121
0.4053
0.3684
0.2798
0.3989
0.2935
0.3239
