0.4081
0.4248
0.5466
0.4777
0.6765
0.4589
0.3675
0.5385
0.2507
0.3508
0.4964
0.5224
0.5226
0.5423
0.4951
0.3864
0.5258
0.4709
0.3698
0.4705
0.4946
0.6053
0.5138
0.4343
0.5404
0.53
0.4908
0.5233
0.4722
0.3305
0.5083
0.4161
0.4358
0.4158
0.4631
0.4462
0.5416
0.4468
0.5656
0.3825
0.369
0.4612
0.5629
0.4879
0.2975
0.502
0.5637
0.5368
0.391
0.5974
0.3266
0.4309
0.4984
0.5667
0.4822
0.4918
0.5129
0.2989
0.363
0.6483
0.4116
0.486
0.574
0.4355
0.5829
0.4201
0.5416
0.3745
0.5308
0.3371
0.3781
0.3826
0.5823
0.66
0.3759
0.5104
0.4462
0.6618
0.499
0.4187
0.4566
0.3791
0.5985
0.4931
0.4752
0.4203
0.4628
0.5884
0.3957
0.5368
0.4239
0.6731
0.4675
0.3959
0.3919
0.3896
0.4246
0.3721
0.6533
0.4709
