0.3483
0.4518
0.2748
0.4449
0.4659
0.6387
0.3449
0.2955
0.5945
0.5463
0.4088
0.485
0.3358
0.5233
0.5387
0.3704
0.3114
0.4381
0.4998
0.4998
0.3979
0.4507
0.3871
0.5576
0.3535
0.4988
0.2439
0.4361
0.4604
0.4812
0.411
0.3461
0.3062
0.3602
0.4043
0.5102
0.4574
0.5544
0.4877
0.3553
0.6025
0.513
0.4503
0.3318
0.3427
0.2951
0.3826
0.5632
0.4517
0.5003
0.467
0.4729
0.4511
0.4817
0.4197
0.5019
0.7351
0.3147
0.4023
0.6334
0.542
0.5232
0.3963
0.4516
0.3064
0.4874
0.4346
0.4182
0.4154
0.4614
0.5789
0.4462
0.4049
0.4433
0.3748
0.5032
0.5051
0.3072
0.4286
0.5081
0.3395
0.4231
0.4869
0.4014
0.5061
0.4369
0.4632
0.4011
0.3756
0.5626
0.4289
0.6082
0.4125
0.4847
0.4792
0.4111
0.4489
0.2981
0.4233
0.4727
