0.3124
0.3538
0.306
0.3662
0.3413
0.4675
0.3316
0.3004
0.4125
0.4377
0.3715
0.3475
0.2804
0.4165
0.3966
0.3187
0.33
0.4211
0.4096
0.4086
0.3757
0.3767
0.271
0.445
0.2983
0.388
0.3024
0.3923
0.3135
0.3854
0.3139
0.322
0.3421
0.3711
0.3238
0.3748
0.396
0.3855
0.4185
0.363
0.4597
0.3998
0.3806
0.3312
0.281
0.3176
0.3163
0.3882
0.3206
0.3747
0.4495
0.3824
0.3859
0.3538
0.3628
0.3809
0.5236
0.2869
0.3717
0.4196
0.3598
0.3647
0.3238
0.3541
0.2786
0.3856
0.3945
0.3854
0.3574
0.3495
0.4683
0.3912
0.378
0.3957
0.2856
0.3972
0.3892
0.3292
0.3331
0.4266
0.3522
0.3273
0.453
0.3407
0.368
0.3759
0.4014
0.3713
0.3397
0.3973
0.3493
0.3732
0.3597
0.3666
0.4174
0.3896
0.3432
0.3185
0.2951
0.3569
