0.4281
0.4141
0.3952
0.449
0.3279
0.3489
0.3126
0.416
0.3828
0.4075
0.3059
0.3498
0.2572
0.3708
0.3764
0.4043
0.3745
0.352
0.4208
0.3984
0.442
0.462
0.4416
0.3358
0.3905
0.3358
0.4708
0.3546
0.4559
0.4189
0.4067
0.5163
0.3624
0.4485
0.3222
0.3988
0.2982
0.3152
0.3307
0.3669
0.487
0.3362
0.3737
0.3659
0.4256
0.3056
0.2992
0.3258
0.3846
0.4098
0.3358
0.3459
0.4743
0.3356
0.4993
0.453
0.4046
0.3585
0.3438
0.3779
0.3489
0.3416
0.3068
0.4633
0.4101
0.4881
0.3534
0.3908
0.4287
0.3498
0.3704
0.3815
0.3602
0.446
0.3012
0.4077
0.3547
0.4423
0.3059
0.3975
0.418
0.3888
0.3906
0.3857
0.3544
0.3922
0.3508
0.3353
0.4121
0.4145
0.3453
0.2958
0.3502
0.3418
0.4379
0.3827
0.4476
0.4678
0.3374
0.3468
