0.5117
0.496
0.4706
0.5402
0.3909
0.415
0.3743
0.4962
0.4571
0.4855
0.3642
0.4168
0.3067
0.446
0.4467
0.48
0.4494
0.4196
0.5009
0.4778
0.5324
0.5577
0.53
0.3991
0.4711
0.3995
0.5608
0.4249
0.5431
0.5012
0.4849
0.6194
0.4319
0.536
0.3863
0.4747
0.3554
0.3742
0.3953
0.4362
0.5861
0.401
0.4469
0.4359
0.5067
0.3656
0.3562
0.3836
0.4602
0.488
0.3983
0.41
0.5699
0.3973
0.5944
0.5422
0.4866
0.4304
0.4123
0.4585
0.4159
0.4057
0.3646
0.5532
0.49
0.5815
0.4233
0.4702
0.514
0.4199
0.4413
0.4522
0.4309
0.5322
0.3619
0.4883
0.4221
0.5218
0.3684
0.4755
0.5057
0.4634
0.4707
0.4602
0.4213
0.463
0.4187
0.3987
0.4966
0.4938
0.4116
0.355
0.419
0.4113
0.5308
0.4575
0.5348
0.5608
0.4022
0.4141
