0.2753
0.3757
0.3224
0.3593
0.3248
0.3844
0.346
0.3151
0.3665
0.2904
0.4234
0.3782
0.3782
0.4294
0.3555
0.3573
0.3911
0.3554
0.3181
0.3497
0.3564
0.3524
0.2951
0.3369
0.3216
0.4169
0.3153
0.3031
0.3343
0.3804
0.3326
0.4355
0.3193
0.3275
0.3059
0.3651
0.4108
0.3554
0.3732
0.2943
0.2768
0.3888
0.4301
0.3443
0.3521
0.3564
0.2652
0.3389
0.4039
0.3319
0.405
0.3731
0.3221
0.3189
0.3357
0.3358
0.3364
0.3621
0.4145
0.364
0.3325
0.3793
0.3983
0.3162
0.3625
0.3559
0.3781
0.3351
0.3659
0.3165
0.3214
0.4885
0.324
0.3444
0.3713
0.2937
0.3242
0.3106
0.3911
0.3739
0.3771
0.3489
0.2702
0.4025
0.3454
0.3869
0.3197
0.3818
0.3554
0.3519
0.339
0.3039
0.3438
0.2824
0.4223
0.3938
0.3526
0.3421
0.3405
0.3381
