1.0609
1.0459
1.07
1.0787
1.0153
1.0465
1.0174
1.0348
1.0705
1.0378
1.0282
1.0124
1.0593
1.0629
1.0692
1.0485
1.0763
1.0542
1.0594
1.0367
1.0597
1.0676
1.0521
1.0637
1.0688
1.0779
0.9934
1.0152
1.1064
1.0779
1.0459
1.0186
1.0661
1.0773
1.0526
1.0627
1.064
1.0433
1.0394
1.0404
1.0563
1.039
1.0479
1.0427
1.0927
1.0683
1.0785
1.0638
1.0172
1.053
1.0065
1.0127
1.0731
1.09
1.0472
1.0716
1.04
1.1379
1.0895
1.0753
1.0382
1.025
1.0942
1.0088
1.0463
1.0877
1.0165
1.0293
1.0285
1.0691
1.0521
1.0038
1.0238
1.0487
1.084
1.0184
1.0824
1.0474
1.0714
1.1133
1.0584
1.0584
1.0299
1.0624
1.0871
1.0931
1.0705
1.0463
1.0464
0.9916
1.0567
1.0345
1.0907
1.0697
1.0978
1.0606
1.0613
1.0629
1.0365
1.0133
