1.0085
1.0339
1.0253
0.9541
1.0097
0.9947
1.0198
1.01
1.015
1.0102
0.9983
1.0416
1.0188
1.0825
1.0471
1.0507
1.0718
1.0011
1.0634
1.0422
1.0818
1.0533
1.0221
1.0158
1.047
0.9939
1.064
1.0653
1.0036
1.0469
1.0753
1.0599
1.0532
1.0398
1.019
1.0342
1.0039
1.0374
1.0269
1.0306
0.9818
1.0782
1.0361
1.0335
1.0181
1.0293
1.0204
1.0183
1.0474
1.062
1.0624
1.0387
1.0257
1.0372
1.0211
0.992
0.9877
1.0261
1.0305
1.0424
1.0293
1.0445
1.0578
1.0499
1.0221
1.0553
1.0288
1.0331
1.0362
1.0175
0.9933
1.0677
1.0424
0.9849
1.0359
1.0516
1.0163
1.0178
1.0435
1.0572
1.0477
1.0275
1.0523
1.0257
1.0005
1.0542
1.045
1.0462
1.0202
1.0907
1.0437
1.0342
1.0404
0.9701
1.0537
1.0689
1.0151
1.0137
1.0388
1.0542
