0.4885
0.3498
0.2551
0.2703
0.4031
0.3433
0.3703
0.3925
0.369
0.3379
0.4313
0.2131
0.5212
0.3919
0.421
0.5306
0.3289
0.525
0.3412
0.3992
0.4884
0.4973
0.4411
0.4406
0.2253
0.4069
0.3386
0.3575
0.4487
0.2753
0.371
0.3656
0.3991
0.4245
0.423
0.1793
0.3083
0.3129
0.3882
0.3338
0.299
0.4282
0.316
0.2968
0.4042
0.3605
0.385
0.4486
0.3239
0.4725
0.3988
0.3953
0.3269
0.2417
0.4209
0.3342
0.439
0.385
0.533
0.3844
0.4199
0.2961
0.4608
0.437
0.3595
0.3521
0.3901
0.3376
0.329
0.4134
0.2737
0.3876
0.4102
0.4168
0.1509
0.41
0.3876
0.3499
0.4147
0.3824
0.3523
0.348
0.4756
0.4045
0.3181
0.4244
0.3783
0.3092
0.4625
0.4356
0.2906
0.4085
0.3337
0.3303
0.3357
0.4279
0.3398
0.4538
0.3465
0.3483
