0.3894
0.2942
0.46
0.445
0.4119
0.3627
0.3179
0.3648
0.4229
0.3124
0.3657
0.3172
0.3097
0.3368
0.3096
0.3269
0.2715
0.4223
0.2907
0.4408
0.3465
0.3048
0.3764
0.3177
0.2993
0.4274
0.2771
0.3209
0.3527
0.3692
0.2561
0.3291
0.3733
0.3475
0.3448
0.3134
0.3713
0.4098
0.3887
0.3292
0.4597
0.3178
0.3292
0.3319
0.3802
0.3682
0.3818
0.3653
0.3694
0.4159
0.3505
0.3307
0.3661
0.3363
0.3817
0.4707
0.3828
0.323
0.3344
0.3254
0.3146
0.2995
0.3171
0.2737
0.334
0.4162
0.3887
0.4151
0.3438
0.3247
0.3976
0.3304
0.3856
0.3384
0.4825
0.3703
0.3893
0.3206
0.3323
0.2793
0.2907
0.4103
0.2964
0.3538
0.3805
0.3621
0.3124
0.28
0.304
0.322
0.3598
0.4336
0.3768
0.3689
0.3154
0.3406
0.3164
0.3655
0.3061
0.3971
