0.2911
0.2946
0.2679
0.2304
0.3614
0.3796
0.3972
0.4067
0.3087
0.4754
0.4163
0.3747
0.3387
0.3038
0.3227
0.2957
0.2453
0.3585
0.2877
0.2783
0.2788
0.331
0.3504
0.276
0.3021
0.3442
0.3763
0.3546
0.2243
0.2975
0.4664
0.4219
0.3207
0.3209
0.3404
0.3305
0.2052
0.2896
0.3516
0.3641
0.2899
0.3622
0.3575
0.4029
0.2694
0.3366
0.3186
0.3475
0.3265
0.2991
0.4656
0.2801
0.3378
0.2915
0.303
0.3118
0.4389
0.2193
0.3584
0.36
0.3515
0.3754
0.3354
0.5132
0.3634
0.3824
0.3843
0.343
0.3218
0.2708
0.3646
0.3022
0.3412
0.3595
0.3532
0.3915
0.2465
0.4074
0.3359
0.2686
0.3631
0.3422
0.3404
0.323
0.3389
0.3333
0.2855
0.347
0.3748
0.3697
0.4141
0.3612
0.3927
0.3165
0.347
0.2775
0.2876
0.275
0.3347
0.352
