0.423608
0.425334
0.370356
0.362888
0.389548
0.357151
0.386857
0.408853
0.442998
0.414448
0.445282
0.335220
0.474561
0.455597
0.418005
0.456174
0.367902
0.401821
0.383083
0.423361
0.399874
0.417425
0.363307
0.465254
0.331425
0.385994
0.390489
0.368704
0.436447
0.343809
0.357015
0.372870
0.439064
0.439674
0.426238
0.303413
0.326075
0.424001
0.391510
0.374002
0.351992
0.446191
0.374037
0.383420
0.442953
0.395108
0.398833
0.411085
0.371005
0.405639
0.372638
0.398178
0.363043
0.303548
0.391326
0.378976
0.371675
0.396091
0.451928
0.408938
0.422744
0.395091
0.427189
0.405462
0.409171
0.450397
0.423470
0.362893
0.333602
0.433595
0.373280
0.339553
0.380059
0.501995
0.251960
0.400862
0.394190
0.364143
0.357274
0.395606
0.377880
0.371938
0.372791
0.404137
0.407161
0.405491
0.410424
0.382946
0.412483
0.425377
0.394777
0.434961
0.393408
0.364014
0.418800
0.423660
0.423910
0.420270
0.405819
0.409392
