0.3366
0.3397
0.3121
0.2688
0.4133
0.4332
0.4468
0.4688
0.3531
0.5417
0.4854
0.4263
0.3928
0.3592
0.3662
0.3417
0.2832
0.4101
0.3404
0.3227
0.3243
0.3773
0.4079
0.3216
0.352
0.3973
0.4505
0.4142
0.2732
0.3465
0.5525
0.479
0.3759
0.3754
0.4029
0.3821
0.2424
0.346
0.4072
0.4177
0.342
0.4225
0.429
0.4704
0.3083
0.3947
0.3703
0.4148
0.3899
0.3535
0.5344
0.3255
0.3941
0.3387
0.3475
0.3693
0.497
0.2636
0.4008
0.418
0.4004
0.4309
0.3989
0.5784
0.4318
0.4507
0.4445
0.3962
0.3787
0.3158
0.4279
0.3583
0.394
0.424
0.4234
0.4475
0.2856
0.4609
0.3899
0.3164
0.4332
0.4166
0.3932
0.3751
0.3854
0.3845
0.3323
0.3947
0.4364
0.4331
0.4758
0.4149
0.4501
0.3645
0.4035
0.326
0.3435
0.306
0.3818
0.4159
