0.3685
0.4254
0.3017
0.453
0.3576
0.3227
0.4343
0.4185
0.3358
0.4355
0.3494
0.3996
0.3188
0.3999
0.3817
0.372
0.4219
0.3601
0.3849
0.3985
0.3938
0.3375
0.4426
0.3851
0.3698
0.4394
0.5115
0.3387
0.283
0.4266
0.3317
0.4269
0.3758
0.4239
0.4056
0.3987
0.3954
0.284
0.3585
0.5371
0.3991
0.3286
0.4403
0.411
0.3738
0.4934
0.284
0.3033
0.4874
0.3309
0.421
0.4142
0.4248
0.3714
0.4362
0.2921
0.3344
0.4057
0.3905
0.343
0.3323
0.373
0.377
0.3829
0.3884
0.4514
0.4455
0.3587
0.3092
0.4376
0.4312
0.455
0.3971
0.3758
0.3727
0.4543
0.4157
0.4262
0.3682
0.373
0.4438
0.459
0.3961
0.4384
0.3526
0.4183
0.3544
0.3865
0.3286
0.3876
0.3598
0.4023
0.3649
0.3742
0.4395
0.4374
0.3906
0.4148
0.3392
0.4896
