1.0587
1.0188
1.0261
1.0556
1.036
1.0126
1.0104
1.0463
1.0477
1.0397
1.0207
1.0226
1.0331
1.0288
1.037
1.0128
0.9991
1.0383
1.0456
1.0444
1.0617
1.0393
1.0273
1.0347
1.0178
1.0311
1.0371
1.019
1.0117
1.0298
1.0562
1.0324
1.0244
1.0016
1.0606
1.018
1.0299
1.0152
1.0424
1.0267
1.0622
1.0317
1.0166
1.0599
1.0506
0.9911
1.0255
1.0341
1.0381
1.0279
1.0433
1.0766
1.0402
1.0598
1.0175
1.0858
1.0179
1.0316
0.9859
1.0157
1.0034
1.0161
1.0283
1.04
1.0034
1.0321
1.0258
1.0336
1.0241
1.0688
1.0102
1.0254
1.0582
1.0271
1.021
1.0689
1.0277
1.0477
1.0259
1.0079
1.0008
1.0391
1.0687
1.0293
1.0444
1.0132
1.0405
1.0317
1.0463
1.0103
0.9963
1.0428
1.0248
1.0289
1.0183
1.0616
1.05
1.03
1.0159
1.0372
