0.398384
0.370744
0.408821
0.413886
0.421520
0.386430
0.385848
0.406822
0.402200
0.382879
0.387068
0.385340
0.366289
0.400505
0.380235
0.350681
0.399937
0.439737
0.405482
0.364976
0.360561
0.363166
0.402057
0.373458
0.374250
0.357091
0.373748
0.404565
0.426130
0.373283
0.407208
0.381110
0.367682
0.391848
0.394481
0.410635
0.415624
0.375107
0.407398
0.410653
0.416360
0.420903
0.398244
0.401844
0.421551
0.374672
0.422165
0.397401
0.414763
0.406372
0.424312
0.375231
0.380822
0.394802
0.371435
0.388357
0.414785
0.387414
0.400327
0.367828
0.396959
0.374171
0.402573
0.410661
0.434714
0.429699
0.405121
0.360445
0.421205
0.418316
0.381963
0.373584
0.403035
0.369221
0.380745
0.444297
0.383785
0.392532
0.394695
0.375526
0.404344
0.433467
0.379829
0.382574
0.396385
0.371211
0.422998
0.366028
0.373765
0.449934
0.388825
0.423163
0.387265
0.403676
0.411716
0.400794
0.370486
0.401851
0.415254
0.373967
