0.3331
0.4334
0.3668
0.4308
0.3737
0.4436
0.4039
0.3641
0.4281
0.3383
0.4803
0.4405
0.4399
0.4958
0.4038
0.419
0.4678
0.4183
0.3726
0.4003
0.4094
0.4072
0.3456
0.3957
0.3699
0.473
0.3617
0.3503
0.3873
0.4379
0.385
0.5125
0.3729
0.3981
0.3571
0.4283
0.482
0.411
0.4348
0.339
0.3259
0.445
0.4966
0.4053
0.4234
0.4207
0.3061
0.3919
0.4655
0.3875
0.469
0.4354
0.3793
0.3764
0.3908
0.3926
0.3849
0.4431
0.4861
0.4313
0.3903
0.4342
0.4756
0.3674
0.4275
0.4121
0.4412
0.3862
0.4318
0.3654
0.3696
0.5599
0.3687
0.4086
0.4349
0.3435
0.383
0.3616
0.4587
0.4415
0.4287
0.4037
0.3191
0.4747
0.4049
0.4491
0.3747
0.4515
0.4155
0.4094
0.399
0.3546
0.3984
0.3315
0.4849
0.4526
0.4149
0.4067
0.3927
0.3945
