0.4411
0.3538
0.3941
0.3558
0.3733
0.3614
0.3412
0.3404
0.2931
0.3085
0.3483
0.2988
0.3815
0.4116
0.2975
0.3036
0.4688
0.3857
0.3426
0.3424
0.2767
0.3033
0.2686
0.283
0.4215
0.3099
0.3836
0.3363
0.3474
0.2967
0.4567
0.3914
0.3398
0.3341
0.3985
0.3577
0.3903
0.3089
0.3928
0.335
0.4254
0.3589
0.3161
0.351
0.3046
0.31
0.3865
0.2884
0.3588
0.3286
0.3308
0.3311
0.4473
0.3553
0.3849
0.3555
0.3418
0.329
0.2932
0.3487
0.3751
0.3869
0.3065
0.3376
0.3849
0.3388
0.3937
0.3616
0.2437
0.3673
0.3575
0.2785
0.3474
0.4848
0.2991
0.3148
0.3465
0.3328
0.317
0.3591
0.2939
0.3168
0.2899
0.4632
0.3564
0.3899
0.3328
0.4445
0.4355
0.3493
0.4365
0.3231
0.3769
0.3866
0.2988
0.3682
0.3674
0.3811
0.3302
0.3035
