1.0053
1.0332
1.0136
1.0139
1.0722
1.0161
1.0398
1.0231
1.0369
1.0515
1.0328
1.0149
1.0441
1.0453
1.0092
1.0418
1.0569
1.0563
1.0331
1.0391
1.0343
0.9975
0.9869
1.0305
0.9961
1.0144
1.0294
1.0515
1.0252
1.0176
1.0402
1.0116
1.0143
0.998
1.0538
1.049
1.0717
1.0783
1.0744
1.0295
1.0139
1.0441
1.0489
1.0345
1.0249
1.0262
1.0432
1.0355
1.0088
1.0243
1.0432
1.0293
1.0503
0.9878
1.0665
1.0343
1.0309
1.0149
1.0672
1.0461
1.025
1.0093
1.0407
1.0732
1.0366
1.0177
1.027
1.0259
1.0077
1.0223
0.9831
1.0425
1.057
1.076
1.0399
1.0701
1.0209
1.0227
1.028
1.0361
1.0439
1.0368
1.0292
1.0521
1.0326
1.0688
1.0141
1.0209
1.0213
1.0357
1.0371
1.0591
1.0013
1.0691
1.053
1.0409
1.0474
1.037
0.9999
1.0393
