0.360218
0.391203
0.395774
0.398554
0.391202
0.403528
0.400354
0.393600
0.403796
0.361003
0.442152
0.402262
0.437632
0.430780
0.383425
0.425323
0.359003
0.418265
0.386723
0.450901
0.420121
0.375933
0.367636
0.423054
0.411624
0.438915
0.382166
0.373983
0.429310
0.447920
0.402341
0.402854
0.358641
0.365585
0.394921
0.406463
0.388016
0.372085
0.419819
0.372888
0.391300
0.382685
0.425771
0.407375
0.393366
0.410129
0.361617
0.396114
0.393377
0.387074
0.421448
0.417823
0.425768
0.389079
0.360737
0.383120
0.402556
0.420227
0.387304
0.374962
0.403692
0.375960
0.421392
0.396299
0.390313
0.402846
0.421334
0.381003
0.390684
0.399078
0.406475
0.404814
0.409572
0.402973
0.373281
0.392344
0.407188
0.410567
0.389376
0.400918
0.381354
0.402790
0.403591
0.419372
0.409556
0.413599
0.393599
0.420843
0.406447
0.406932
0.401696
0.397926
0.397137
0.388619
0.417469
0.405298
0.428504
0.411542
0.389067
0.405022
