0.393657
0.386249
0.422121
0.349752
0.423493
0.375693
0.424748
0.416025
0.403709
0.358205
0.391920
0.402969
0.375916
0.400486
0.418148
0.411175
0.402351
0.393468
0.409895
0.407534
0.371144
0.418188
0.417569
0.401347
0.407441
0.420183
0.384960
0.445897
0.375314
0.387405
0.411893
0.426419
0.403822
0.390247
0.389506
0.390938
0.403378
0.391303
0.415507
0.444458
0.412196
0.393288
0.424107
0.352611
0.396672
0.351399
0.390006
0.393499
0.398494
0.440804
0.375934
0.416325
0.366439
0.397408
0.425363
0.396592
0.395110
0.400482
0.402290
0.393918
0.398076
0.347279
0.421875
0.388773
0.398685
0.441561
0.378314
0.398291
0.400888
0.401500
0.406636
0.393395
0.420811
0.354708
0.429098
0.413261
0.443639
0.393023
0.384455
0.380883
0.364116
0.417113
0.373501
0.390002
0.404809
0.411855
0.387759
0.381088
0.378644
0.402941
0.393315
0.434803
0.393062
0.394694
0.414444
0.394228
0.350896
0.408154
0.382442
0.424383
