1.0817
1.0239
1.0395
1.0886
1.0477
1.018
1.0258
1.0555
1.0683
1.0487
1.0224
1.0338
1.0405
1.0397
1.0457
1.0309
1.0126
1.0621
1.0629
1.0578
1.0691
1.0589
1.0453
1.0554
1.033
1.034
1.0481
1.0229
1.0215
1.0389
1.0705
1.045
1.0393
1.0127
1.071
1.034
1.0506
1.0306
1.058
1.0356
1.0788
1.0543
1.0288
1.0695
1.0691
1.0068
1.0326
1.0387
1.0552
1.0447
1.0628
1.0905
1.0443
1.077
1.0447
1.0895
1.0296
1.0564
1.0014
1.0351
1.0218
1.0205
1.0634
1.0533
1.0203
1.0377
1.0398
1.0469
1.0363
1.0818
1.0195
1.031
1.0624
1.0449
1.0233
1.0855
1.04
1.0563
1.0288
1.017
1.0149
1.0578
1.0868
1.0486
1.0618
1.0281
1.046
1.0518
1.0719
1.0299
1.0158
1.0585
1.0333
1.0482
1.0365
1.0749
1.0714
1.0389
1.0227
1.0553
