0.3086
0.3561
0.2501
0.3872
0.3067
0.274
0.3601
0.3521
0.2972
0.3607
0.302
0.3577
0.2718
0.345
0.3288
0.3209
0.3664
0.3153
0.3329
0.3438
0.3294
0.2904
0.3784
0.3426
0.3174
0.3819
0.4388
0.289
0.2363
0.3653
0.2836
0.3669
0.3291
0.3583
0.3474
0.3436
0.3421
0.2454
0.311
0.4782
0.3486
0.2724
0.378
0.3528
0.322
0.4255
0.2434
0.2531
0.4167
0.2853
0.354
0.357
0.366
0.3164
0.3698
0.2535
0.2825
0.3517
0.3356
0.2957
0.2763
0.3226
0.3248
0.3216
0.3264
0.3908
0.3791
0.3139
0.2686
0.375
0.367
0.3894
0.3379
0.3154
0.3222
0.3843
0.3543
0.3659
0.3159
0.3179
0.3839
0.3969
0.3396
0.3838
0.3062
0.3501
0.3081
0.3436
0.2764
0.3353
0.3155
0.3485
0.309
0.3272
0.3796
0.377
0.3291
0.3593
0.2955
0.4247
