0.5128
0.42
0.4679
0.4219
0.4219
0.4177
0.3928
0.3987
0.343
0.3543
0.4121
0.3454
0.4494
0.471
0.353
0.3531
0.5397
0.4582
0.4111
0.3904
0.3193
0.3572
0.3164
0.3345
0.4919
0.367
0.4415
0.3896
0.4074
0.3541
0.5288
0.4523
0.4032
0.3967
0.4648
0.4169
0.4513
0.3639
0.452
0.3922
0.501
0.4155
0.3685
0.4081
0.3608
0.3597
0.4471
0.3346
0.419
0.3986
0.3845
0.3877
0.5102
0.4191
0.4459
0.4079
0.395
0.3773
0.3456
0.4109
0.4477
0.4476
0.3622
0.4087
0.4554
0.3918
0.4652
0.4122
0.2851
0.4224
0.4181
0.3165
0.4035
0.5464
0.3511
0.3596
0.4055
0.3951
0.3834
0.4119
0.3469
0.3694
0.3472
0.5236
0.4103
0.4502
0.3912
0.5054
0.5115
0.4165
0.5048
0.3745
0.4371
0.4514
0.3547
0.4327
0.4128
0.4333
0.3907
0.3556
