0.3433
0.4122
0.3931
0.3234
0.3676
0.3952
0.324
0.3467
0.3049
0.2952
0.3675
0.3263
0.2857
0.3345
0.4181
0.282
0.3829
0.3034
0.3288
0.3482
0.3645
0.3902
0.429
0.3794
0.3278
0.3523
0.3712
0.3152
0.3669
0.3632
0.3063
0.4266
0.3886
0.3381
0.3232
0.3362
0.3874
0.4046
0.3066
0.3167
0.4334
0.3121
0.3446
0.3323
0.4414
0.3358
0.3299
0.3843
0.3785
0.3254
0.3159
0.3694
0.3108
0.3888
0.3179
0.3228
0.3393
0.3743
0.2923
0.3056
0.32
0.3871
0.3869
0.3039
0.3643
0.4868
0.3577
0.4161
0.3812
0.3283
0.4184
0.3245
0.2723
0.3375
0.3038
0.3439
0.3017
0.3316
0.3823
0.2853
0.3681
0.3671
0.3746
0.2874
0.3334
0.3001
0.404
0.3137
0.4109
0.3824
0.3997
0.4015
0.3153
0.3304
0.3211
0.4543
0.2895
0.3627
0.3727
0.3896
