0.411298
0.385430
0.394399
0.411233
0.375847
0.411535
0.375398
0.377300
0.407873
0.372689
0.375617
0.400078
0.389434
0.405063
0.365981
0.380823
0.398667
0.455440
0.396148
0.418063
0.394971
0.409427
0.404291
0.400149
0.388366
0.410415
0.400619
0.354181
0.362156
0.362886
0.383877
0.400230
0.420650
0.440714
0.388719
0.385584
0.404604
0.406311
0.378179
0.417434
0.403916
0.426438
0.398497
0.384568
0.376149
0.401340
0.374562
0.378525
0.413961
0.334337
0.393671
0.392291
0.413960
0.386146
0.425946
0.382415
0.423937
0.390321
0.409191
0.415836
0.368437
0.431033
0.346050
0.405287
0.402247
0.383687
0.406676
0.409352
0.377695
0.421747
0.377375
0.400835
0.388198
0.418462
0.367598
0.435320
0.378687
0.422603
0.406005
0.407118
0.415375
0.437081
0.412508
0.405437
0.411489
0.385115
0.438297
0.438506
0.384717
0.415447
0.423844
0.393541
0.410450
0.404340
0.393379
0.420741
0.413372
0.396354
0.415143
0.399628
