1.0336
1.0738
1.0322
1.0193
1.0697
1.0603
1.0443
1.0595
1.0817
1.0258
1.076
1.0846
1.0477
1.0372
1.0767
1.0364
1.0073
1.032
1.0755
1.0553
1.094
1.0424
1.0698
1.0521
1.026
1.0907
1.0213
1.0543
1.0793
1.08
1.058
1.0437
1.0799
1.0538
1.0154
1.0371
1.0619
1.095
1.0637
1.0197
1.0247
1.0434
1.0652
1.04
1.0667
1.0641
1.0464
1.057
1.0271
1.0451
1.0647
1.0654
1.068
1.0313
1.0656
1.021
1.052
1.0735
1.0364
1.0519
1.0413
1.0412
1.0489
1.1479
1.038
1.0563
1.0566
1.05
1.0579
1.0434
1.0763
1.0581
1.0451
1.0589
1.0355
1.0584
1.0033
1.101
1.077
1.0451
1.0797
1.0566
1.0689
1.0147
1.0388
1.0183
1.0615
1.0233
1.0502
1.0413
1.0169
1.0556
1.0676
1.0421
1.0737
1.0743
1.0365
1.0293
1.1125
1.0745
