0.411672
0.356945
0.379603
0.355075
0.401360
0.416541
0.384500
0.403124
0.413501
0.439643
0.430054
0.436999
0.374970
0.390733
0.386799
0.415670
0.380769
0.421525
0.389009
0.380091
0.379352
0.454967
0.435494
0.372947
0.358366
0.425856
0.392276
0.411143
0.372061
0.372982
0.406110
0.412187
0.373167
0.420141
0.431573
0.379914
0.329484
0.372574
0.379303
0.403717
0.381007
0.411844
0.393806
0.402509
0.381576
0.415835
0.401572
0.413087
0.363120
0.403773
0.365344
0.367271
0.422327
0.420616
0.385170
0.382996
0.418250
0.379670
0.408428
0.393992
0.439334
0.413965
0.393865
0.402235
0.400204
0.405311
0.425060
0.370965
0.411890
0.348035
0.393102
0.396368
0.387307
0.402512
0.397690
0.403742
0.369883
0.431236
0.421352
0.418014
0.399935
0.362520
0.422811
0.356913
0.426927
0.390327
0.377321
0.401524
0.397837
0.389764
0.426115
0.408138
0.402931
0.444327
0.439888
0.388136
0.362052
0.385390
0.385779
0.436484
