1.0171
1.1038
1.0953
1.0878
1.1026
1.039
1.0364
1.0437
1.0977
1.0836
1.0609
1.1114
1.091
1.0393
1.0118
1.0226
1.083
1.0201
1.0877
1.0463
1.0186
1.0387
1.0745
1.0828
1.1029
1.0364
1.032
1.0742
1.0416
1.0962
1.0603
1.0864
1.058
1.0691
1.0847
1.1207
1.0633
1.0701
1.1055
1.0452
1.107
1.1179
1.0489
1.1193
1.0616
1.0315
1.0873
1.0971
1.0528
1.0276
1.0631
1.0623
1.1381
1.1352
1.0664
1.1064
1.1118
1.091
1.0855
1.0525
1.0507
1.1166
1.0397
1.02
1.0798
1.0746
1.07
1.0425
1.0423
1.0725
1.0695
1.0564
1.0334
1.0785
1.1308
1.0924
1.1128
1.0956
1.046
1.1007
1.0261
1.1123
1.1046
1.0487
1.067
1.0385
1.0968
1.098
1.0628
1.0411
1.1167
1.0569
1.1193
1.0437
1.0869
1.0781
1.1356
1.1627
1.0702
1.0534
