0.423853
0.429812
0.381537
0.406155
0.418832
0.376644
0.410138
0.393155
0.385520
0.358793
0.392684
0.388992
0.397280
0.369915
0.425012
0.396972
0.418580
0.421743
0.404740
0.397806
0.405624
0.405499
0.404468
0.375570
0.438147
0.414807
0.393689
0.388246
0.429057
0.382580
0.419413
0.436768
0.389468
0.389317
0.386663
0.374386
0.425801
0.379251
0.417544
0.386704
0.406110
0.375588
0.372935
0.400232
0.394895
0.375965
0.415699
0.405818
0.388129
0.380473
0.388907
0.414469
0.416525
0.468169
0.413979
0.394967
0.386024
0.403173
0.376172
0.384024
0.403106
0.409428
0.389798
0.408043
0.413313
0.367783
0.407684
0.417925
0.387496
0.399680
0.416804
0.396273
0.416049
0.398174
0.402380
0.381578
0.390605
0.412437
0.392449
0.411591
0.404924
0.393764
0.384788
0.407105
0.445227
0.350860
0.393516
0.384472
0.402977
0.384525
0.402479
0.397129
0.392006
0.420240
0.421356
0.433243
0.399916
0.390719
0.412387
0.395646
