0.4155
0.4794
0.463
0.364
0.4374
0.461
0.3787
0.4031
0.3615
0.3451
0.4305
0.3713
0.336
0.3949
0.4895
0.3345
0.4515
0.3595
0.3803
0.4123
0.4255
0.4551
0.4904
0.4458
0.3825
0.4118
0.428
0.3657
0.4365
0.4186
0.3675
0.4857
0.4443
0.3914
0.3851
0.3896
0.4533
0.4621
0.3554
0.3729
0.5011
0.3636
0.4106
0.3853
0.5171
0.3926
0.3947
0.4509
0.4327
0.3784
0.3655
0.4269
0.3616
0.4511
0.3744
0.3787
0.4011
0.4425
0.3434
0.3696
0.3671
0.4402
0.4561
0.3583
0.4253
0.5651
0.4167
0.4671
0.4574
0.3772
0.4853
0.3733
0.3201
0.4083
0.3529
0.4033
0.3492
0.3828
0.4338
0.3339
0.4242
0.4253
0.4371
0.3278
0.389
0.3575
0.4735
0.3764
0.4801
0.4548
0.4649
0.464
0.3687
0.3846
0.3728
0.5338
0.3407
0.4142
0.4292
0.4601
