1.1221
1.0342
1.0821
1.0736
1.0729
1.096
1.0889
1.0792
1.0722
1.0534
1.0551
1.0342
1.06
1.0725
1.0501
1.033
0.9932
1.0843
1.0723
1.0381
1.0374
1.0614
1.0444
1.0452
1.0566
1.0418
1.0478
1.0276
1.0999
1.1133
1.1119
1.0412
1.1051
1.1049
1.0411
1.0484
1.1241
1.1117
1.0311
1.0277
1.0368
1.1282
1.0711
1.0301
1.0443
0.9885
1.0894
1.0982
1.0548
1.0356
1.0467
1.0985
1.0544
1.0841
1.0497
1.0887
1.1107
1.0528
1.0163
1.0463
1.0907
1.0904
1.0484
1.0699
1.0844
1.0631
1.0313
1.0532
1.0475
1.0567
1.0283
1.0859
1.0491
1.1173
1.0549
1.0503
1.074
1.1113
1.1014
1.0312
1.0705
1.037
1.0712
1.0516
1.0987
1.0353
1.0932
1.0249
1.0494
1.1191
1.0752
1.0201
1.0652
1.0812
1.0603
1.0421
1.1038
1.0459
1.0872
1.034
