1.0964
1.0179
1.0701
1.053
1.0607
1.0804
1.067
1.0625
1.0676
1.0324
1.0437
1.0214
1.0508
1.0648
1.0425
1.0187
0.9904
1.0784
1.0606
1.0335
1.0264
1.0553
1.0342
1.0348
1.049
1.041
1.0407
1.0147
1.0769
1.1041
1.0899
1.0228
1.092
1.0877
1.036
1.0325
1.1114
1.0986
1.0217
1.0203
1.028
1.1035
1.0655
1.0253
1.0307
0.9949
1.0789
1.0869
1.0379
1.0243
1.0304
1.0858
1.0395
1.0714
1.0326
1.0734
1.0965
1.0329
1.0143
1.0428
1.0605
1.0722
1.0298
1.0556
1.0716
1.0406
1.0239
1.0414
1.0454
1.033
1.0139
1.0626
1.0376
1.0975
1.0442
1.041
1.0561
1.0984
1.0793
1.016
1.056
1.0195
1.052
1.0468
1.0831
1.0209
1.078
1.0209
1.0397
1.0939
1.0582
1.016
1.0444
1.075
1.0569
1.028
1.0842
1.0311
1.0718
1.0225
