1.0264
1.0464
1.0522
0.9665
1.0247
1.0032
1.04
1.0135
1.0371
1.0206
1.009
1.053
1.028
1.098
1.0562
1.0662
1.0879
1.0261
1.0789
1.0551
1.1031
1.0727
1.0382
1.0292
1.0664
1.0005
1.0826
1.0745
1.0131
1.0662
1.1047
1.0773
1.0792
1.0687
1.0289
1.0474
1.0179
1.0484
1.0384
1.0385
0.9883
1.0932
1.0435
1.0456
1.026
1.0436
1.0272
1.0353
1.0624
1.0801
1.0928
1.0563
1.0449
1.0471
1.0294
1.0034
0.9946
1.0431
1.043
1.0601
1.0432
1.0638
1.0697
1.0695
1.0432
1.0753
1.0434
1.0517
1.0537
1.0332
1.0083
1.0763
1.0633
0.9999
1.0595
1.0499
1.0261
1.0361
1.0585
1.0755
1.0642
1.0446
1.0698
1.0411
1.0107
1.0683
1.059
1.0504
1.0311
1.1139
1.0601
1.0545
1.0689
0.9844
1.0637
1.0832
1.0258
1.0319
1.0462
1.075
