0.4372
0.3026
0.2202
0.2313
0.3411
0.3053
0.325
0.3617
0.3217
0.3008
0.3881
0.1844
0.4637
0.3472
0.3798
0.4604
0.2946
0.4567
0.294
0.3411
0.4179
0.3792
0.3809
0.379
0.1794
0.3506
0.2872
0.3057
0.399
0.2333
0.3217
0.3216
0.3346
0.3776
0.3632
0.1489
0.2554
0.2772
0.3328
0.2793
0.2601
0.3732
0.2812
0.2595
0.3595
0.2852
0.3256
0.3812
0.2886
0.424
0.3556
0.3419
0.2837
0.208
0.3545
0.283
0.3846
0.3435
0.4689
0.3303
0.377
0.266
0.3946
0.3778
0.3137
0.3101
0.3394
0.2966
0.2921
0.3695
0.2391
0.3364
0.3533
0.384
0.1272
0.3697
0.3349
0.3059
0.3665
0.334
0.2967
0.3044
0.4306
0.3507
0.2699
0.3773
0.3127
0.2652
0.4029
0.3882
0.2515
0.3688
0.2956
0.2713
0.292
0.3652
0.2935
0.393
0.3018
0.3116
