1.0174
1.1055
1.1005
1.0805
1.1104
1.0392
1.0387
1.0454
1.1019
1.0935
1.0727
1.1186
1.0927
1.0379
1.0187
1.0364
1.0904
1.0378
1.0992
1.044
1.0166
1.0377
1.0855
1.0941
1.0927
1.0466
1.0324
1.0954
1.0578
1.1072
1.0553
1.0701
1.0615
1.0724
1.0939
1.1349
1.0682
1.0763
1.1171
1.0306
1.1208
1.157
1.036
1.1116
1.075
1.0248
1.1153
1.1292
1.0671
1.0355
1.0558
1.0498
1.1684
1.1392
1.0426
1.1153
1.1246
1.0978
1.0935
1.0524
1.0703
1.1153
1.0492
1.0342
1.0984
1.0836
1.0595
1.0322
1.0568
1.0852
1.0694
1.0667
1.0366
1.0866
1.1383
1.0917
1.118
1.1087
1.0383
1.1085
1.0255
1.1119
1.1392
1.0551
1.0649
1.0409
1.1158
1.1032
1.0814
1.025
1.1312
1.0621
1.1367
1.0447
1.0996
1.0627
1.145
1.1929
1.0712
1.05
