0.4551
0.3378
0.543
0.5297
0.4851
0.4166
0.3817
0.4121
0.4836
0.3557
0.4216
0.3696
0.3682
0.3971
0.3622
0.3836
0.3261
0.4798
0.3448
0.5091
0.4104
0.361
0.4337
0.3634
0.3575
0.4972
0.3303
0.3661
0.4088
0.4313
0.3153
0.3808
0.4359
0.4182
0.3951
0.37
0.4405
0.4804
0.445
0.3818
0.5482
0.3684
0.3748
0.3854
0.4402
0.4453
0.4417
0.4235
0.4344
0.4936
0.418
0.3848
0.4152
0.3832
0.4303
0.5388
0.44
0.3767
0.3927
0.3776
0.3722
0.356
0.3803
0.3177
0.3928
0.4741
0.4483
0.48
0.4059
0.3746
0.4627
0.3931
0.4481
0.3962
0.5476
0.4223
0.4514
0.3722
0.3916
0.3326
0.3401
0.4788
0.3457
0.4092
0.4343
0.4205
0.3696
0.3161
0.3512
0.3771
0.4262
0.4927
0.441
0.4299
0.3671
0.3913
0.3614
0.4286
0.3544
0.4646
