1.0236
1.039
1.0279
1.0257
1.0962
1.0326
1.0541
1.0377
1.0523
1.0643
1.0523
1.0287
1.0676
1.0533
1.0221
1.0622
1.0752
1.0768
1.0482
1.0524
1.0519
1.0168
1.0016
1.0473
1.0104
1.0308
1.046
1.0651
1.0423
1.0355
1.0579
1.0263
1.0295
1.002
1.0775
1.0656
1.0771
1.1022
1.0785
1.0521
1.0301
1.0557
1.0752
1.0529
1.04
1.0402
1.0652
1.0525
1.0243
1.0424
1.0534
1.0513
1.0635
1.
1.09
1.0499
1.0399
1.0366
1.0816
1.0671
1.036
1.0199
1.0609
1.0846
1.0538
1.0384
1.0412
1.0369
1.0308
1.0297
0.9969
1.054
1.0633
1.1054
1.0505
1.0917
1.0372
1.037
1.026
1.052
1.0629
1.0548
1.0399
1.0584
1.0426
1.0906
1.0221
1.0389
1.0316
1.0544
1.0506
1.0662
1.02
1.0792
1.0628
1.0452
1.0653
1.048
1.0116
1.0586
