1.068
1.0568
1.0806
1.0876
1.0266
1.0695
1.0312
1.059
1.0771
1.053
1.0389
1.0287
1.0727
1.0761
1.0693
1.0631
1.0847
1.0615
1.068
1.0478
1.0722
1.0762
1.0662
1.0798
1.0832
1.0968
1.0025
1.0291
1.1314
1.0895
1.0739
1.0271
1.0848
1.0882
1.0749
1.0591
1.0737
1.0527
1.0489
1.04
1.0681
1.0454
1.0643
1.0528
1.104
1.0871
1.0931
1.0816
1.027
1.0664
1.0107
1.0178
1.07
1.0964
1.0563
1.0908
1.0596
1.1463
1.0966
1.0976
1.0517
1.0398
1.1046
1.0368
1.0625
1.0972
1.0373
1.0429
1.0279
1.0847
1.0699
1.0109
1.0382
1.0655
1.1083
1.0317
1.0894
1.0493
1.0844
1.1349
1.0809
1.0834
1.0391
1.0821
1.0721
1.1107
1.0862
1.0535
1.0586
1.0048
1.058
1.0317
1.0993
1.0792
1.1171
1.0828
1.0747
1.0726
1.0403
1.0254
