1.0329
1.0501
1.0248
1.0049
1.063
1.0422
1.0249
1.0447
1.0641
1.0191
1.0554
1.0699
1.0398
1.0217
1.0607
1.0318
0.9923
1.0115
1.0525
1.0451
1.0731
1.0304
1.0527
1.0296
1.0064
1.0671
1.0124
1.041
1.0622
1.0643
1.0484
1.0292
1.0594
1.0371
1.0029
1.0215
1.0405
1.075
1.0525
1.003
1.0119
1.0323
1.0525
1.0232
1.0554
1.048
1.0372
1.0472
1.0155
1.0243
1.0576
1.0511
1.0468
1.0208
1.0447
1.0108
1.0477
1.0606
1.0311
1.0367
1.0214
1.0217
1.0375
1.1154
1.0242
1.0482
1.0305
1.0378
1.044
1.0382
1.0631
1.0492
1.0303
1.0364
1.0202
1.0453
0.9935
1.0683
1.0571
1.0314
1.0572
1.0437
1.0521
0.9971
1.0251
1.0062
1.0458
1.0033
1.0375
1.0223
0.9972
1.0554
1.0453
1.0281
1.0555
1.0671
1.0301
1.0179
1.0768
1.055
