0.997
1.003
1.0001
1.011
1.0036
1.0101
1.0098
1.0108
0.9989
1.0088
1.0142
1.0144
1.0063
1.0102
1.0107
1.0044
1.004
1.0107
1.0033
1.019
0.9969
1.0051
1.004
1.0083
1.0198
1.0196
1.006
1.0008
1.0229
1.0179
1.007
1.0092
1.0089
1.0119
1.0157
1.0203
1.0128
1.0111
1.0158
1.0096
1.0124
0.999
1.0145
1.0041
1.0097
1.0178
1.0026
1.0205
1.0071
1.0121
1.0241
0.9997
1.0151
1.0156
1.0203
1.0198
1.0036
1.0155
1.0185
1.0152
1.0057
1.0102
1.0145
1.0119
1.0006
1.0081
1.0175
1.0159
1.0045
1.0175
1.0179
1.0113
1.0153
1.0104
1.0188
1.0197
1.0109
1.0091
1.0147
1.0026
1.0132
1.0074
1.0052
1.0214
1.011
1.01
1.0082
1.011
1.019
1.0068
1.0067
1.0099
1.0007
1.0121
1.0117
1.0204
0.9909
1.0031
1.0125
1.0201
