0.1736
0.2424
0.3031
0.2557
0.1664
0.231
0.1966
0.1387
0.2709
0.1639
0.2048
0.2244
0.1425
0.2268
0.274
0.2213
0.2093
0.249
0.313
0.1219
0.3029
0.1772
0.2734
0.2446
0.1188
0.129
0.1802
0.2797
0.1507
0.1174
0.1976
0.0688
0.2223
0.1509
0.0642
0.1806
0.1116
0.2222
0.1357
0.1709
0.2199
0.3158
0.1516
0.2046
0.207
0.2351
0.1511
0.1745
0.2086
0.1113
0.2059
0.2699
0.0631
0.1416
0.1375
0.1277
0.1845
0.2069
0.1689
0.2832
0.2125
0.1944
0.1822
0.2363
0.2878
0.2172
0.1907
0.2218
0.2879
0.165
0.0641
0.1123
0.1322
0.2276
0.1358
0.1026
0.2312
0.226
0.1447
0.2148
0.1775
0.1584
0.127
0.109
0.2207
0.2278
0.3119
0.0729
0.1808
0.2296
0.2537
0.2125
0.2536
0.1871
0.0517
0.0296
0.244
0.1719
0.27
0.1155
