0.9941
0.9856
1.0155
1.0055
0.9932
1.0014
1.0042
1.0001
1.0181
0.9978
1.009
0.9984
1.0141
0.9951
0.9952
0.9957
1.0242
0.9967
1.0018
1.0019
0.9982
1.0139
1.0011
1.0102
1.0019
0.9956
0.9966
0.9991
0.9931
0.9916
0.9865
1.0014
1.0123
1.0085
1.015
1.0057
1.0009
1.0153
0.9982
1.0027
0.9936
1.0047
1.0058
1.0075
1.0033
1.0018
1.
0.9984
0.994
0.9903
0.996
0.9921
0.9995
0.9964
1.0033
0.9707
1.01
0.998
1.0161
1.0172
0.9931
0.9972
0.9748
1.0083
1.002
0.9949
1.0073
0.9924
1.0192
0.9771
0.9879
1.0079
0.9915
1.0051
0.9939
1.0033
1.0084
1.0066
1.0004
1.0108
0.9994
0.9925
0.9898
0.9925
1.0282
1.0142
1.0091
0.9983
1.0006
1.0077
1.002
1.0067
1.0074
1.0011
1.005
0.9881
1.0003
1.0067
1.002
1.006
