1.0009
0.9993
0.9993
1.0088
0.9939
1.0043
0.9832
1.0018
0.9943
0.9953
1.0074
1.0012
1.0075
0.9947
1.002
1.0047
0.9971
0.9969
1.0074
0.9867
0.997
1.0054
0.9956
0.9962
1.0102
1.0058
0.9823
0.9958
1.
0.9963
1.0164
0.9866
0.9908
0.9943
1.0034
0.9954
0.9849
1.0113
0.9994
0.9923
0.9945
1.0069
0.9933
0.9902
0.9927
1.0027
1.0061
0.9951
0.9948
0.9922
0.9912
0.9924
0.996
0.9849
0.9913
0.9921
1.0079
1.0067
0.9977
0.9899
1.0135
1.0146
0.9871
0.9873
1.0095
0.9852
0.994
1.0094
0.9986
0.9763
0.9994
0.9948
0.9922
1.0004
0.9993
0.9993
1.0079
1.0003
0.9862
0.9995
0.9985
0.9869
0.9957
0.9846
0.9965
0.9923
0.9937
0.9999
0.9878
1.0062
1.0038
1.0011
1.0015
0.9919
0.9941
0.9938
1.0038
1.0069
1.0099
1.0003
