0.0763
0.0829
0.1044
0.0817
0.1834
0.1069
0.0726
0.2021
0.0947
0.099
0.1281
0.1662
0.0612
0.0729
0.0988
0.0264
0.0487
0.1184
0.1822
-0.0466
0.1155
0.016
0.0982
0.022
0.0335
0.0939
0.0947
0.0217
0.1108
0.1216
0.1103
0.0836
0.0492
0.1774
-0.0235
0.0916
0.0922
0.1489
0.0197
0.0554
0.0788
0.1636
0.1582
0.1501
0.0098
0.11
0.1901
-0.0067
0.0907
0.1271
0.045
0.0987
0.0709
0.0805
0.1403
0.0905
0.2088
0.2008
0.1675
0.126
0.1937
0.1093
0.1036
0.1682
0.0902
0.2096
0.0344
0.0791
0.1358
0.172
0.0477
0.1125
0.2287
0.1261
0.1238
0.2721
0.1035
0.1675
0.1527
0.1121
0.052
0.1287
0.0471
0.0048
0.0736
0.1705
0.1761
0.1331
0.0838
0.1341
0.1265
0.0614
0.0452
0.1596
0.13
0.068
0.1567
0.2269
0.0388
0.1066
