0.3659
0.5154
0.4841
0.4434
0.4002
0.4942
0.5249
0.4643
0.4492
0.451
0.4352
0.4223
0.5427
0.5471
0.4731
0.3877
0.4979
0.4823
0.5776
0.4525
0.5291
0.4688
0.5071
0.4097
0.5196
0.3523
0.471
0.4937
0.416
0.526
0.4925
0.5868
0.5023
0.4236
0.5118
0.4633
0.4935
0.6789
0.5068
0.4345
0.4581
0.5609
0.3982
0.5827
0.5472
0.4315
0.4748
0.5286
0.5446
0.434
0.4397
0.4495
0.4419
0.4583
0.4046
0.5464
0.5558
0.4315
0.4382
0.5472
0.5169
0.5429
0.483
0.4308
0.5022
0.4958
0.5679
0.4893
0.5424
0.4447
0.5223
0.4168
0.6675
0.4136
0.5177
0.483
0.4427
0.5541
0.4936
0.3146
0.3685
0.5603
0.4072
0.531
0.5332
0.5118
0.4267
0.4459
0.6027
0.6656
0.5473
0.4629
0.5427
0.6725
0.4376
0.5304
0.4505
0.4897
0.4803
0.5194
