0.9992
0.9944
0.9955
0.997
0.9851
1.0026
1.0007
0.9975
0.9977
0.9985
1.0022
0.9943
0.9948
0.9973
1.
1.0172
0.9898
0.9963
0.98
1.0135
0.9961
1.0138
1.0027
1.0073
0.9967
0.9901
0.9979
1.0057
0.9909
0.9991
0.9953
0.9945
1.0041
0.9876
1.0077
1.0053
0.9952
0.9907
1.0064
1.0113
1.0046
0.9935
0.9958
1.0025
1.005
0.9962
0.9936
1.0124
0.9983
0.9991
1.0092
0.9957
1.0057
0.9986
0.9891
0.9942
0.9913
0.995
0.9934
1.0018
0.9943
0.9962
0.9993
0.9911
0.9965
0.9929
1.0031
1.0006
1.0028
0.9957
1.0123
0.9893
0.9822
0.9927
1.0008
0.9794
0.9895
0.9973
0.9977
0.9961
1.0033
1.0039
0.997
1.02
1.0014
0.9939
0.9834
0.995
1.0017
0.9988
1.0052
1.002
1.011
0.9923
0.9897
1.0008
0.9891
0.9865
1.0092
0.989
