0.0438
-0.0068
-0.0362
0.1652
-0.0252
0.0992
-0.0327
-0.0105
0.0235
-0.0214
0.0141
0.018
0.0745
0.0477
0.131
0.0719
0.049
-0.0254
0.009
0.0226
0.0747
-0.0182
0.0583
0.0555
-0.004
-0.0579
0.0064
0.1296
-0.0327
0.0135
-0.0535
0.1607
0.1072
0.0628
0.068
0.0908
0.05
0.008
0.112
0.0559
0.1255
0.1329
0.0108
0.1927
0.042
0.1542
-0.0858
0.0503
0.0183
0.0739
-0.0739
0.1377
0.0271
0.0579
0.0549
0.0089
0.1018
0.0585
0.087
0.0026
0.0234
0.053
0.0474
0.1171
0.0615
0.1252
0.1445
0.1075
-0.0041
0.0463
0.0638
0.0477
0.0647
0.0062
0.0906
0.0145
0.0928
0.0728
0.0139
-0.0411
0.0697
0.1096
0.0353
0.0569
0.0919
0.0583
0.0265
0.0012
-0.0235
0.0521
0.0576
0.0758
0.1185
0.1447
0.0796
0.0004
0.0167
0.0534
0.0142
0.1096
