0.315
0.4034
0.1721
0.2264
0.3775
0.2734
0.3648
0.3409
0.2401
0.3576
0.2388
0.2199
0.1588
0.2946
0.3973
0.3503
0.2035
0.3147
0.3482
0.2126
0.3105
0.1399
0.192
0.2522
0.3538
0.3033
0.2573
0.3157
0.3492
0.3683
0.39
0.2262
0.2971
0.2533
0.1092
0.2372
0.2687
0.2198
0.4145
0.3247
0.3061
0.2296
0.2647
0.2361
0.259
0.3203
0.2435
0.2892
0.2853
0.4433
0.3261
0.3184
0.2851
0.3498
0.2545
0.5245
0.2505
0.2978
0.2178
0.1601
0.3423
0.3607
0.4444
0.2241
0.2827
0.3021
0.3136
0.3675
0.2232
0.4017
0.3161
0.2297
0.3017
0.2364
0.2948
0.2633
0.2501
0.1975
0.2111
0.3105
0.3231
0.3436
0.3148
0.3288
0.1125
0.173
0.2825
0.3811
0.3345
0.2843
0.2228
0.2633
0.2048
0.2696
0.2061
0.3554
0.352
0.3345
0.3125
0.2607
