0.1258
0.1673
0.2402
0.2612
0.1405
0.2216
0.1832
0.1523
0.202
0.1637
0.2227
0.2432
0.132
0.2288
0.2536
0.1841
0.1733
0.2275
0.2464
0.1527
0.2129
0.1693
0.2191
0.2221
0.2004
0.179
0.1626
0.2124
0.2105
0.1783
0.1838
0.0939
0.2022
0.1534
0.1371
0.2143
0.1649
0.2124
0.1784
0.1843
0.2225
0.2497
0.1727
0.1711
0.2096
0.2657
0.1364
0.2308
0.1997
0.1593
0.2654
0.1968
0.1204
0.1965
0.1973
0.1822
0.164
0.2204
0.2302
0.3051
0.2015
0.1944
0.2298
0.2456
0.2251
0.2003
0.1949
0.2348
0.2424
0.1872
0.1309
0.1249
0.1677
0.2322
0.2017
0.1597
0.217
0.1937
0.1653
0.1838
0.1982
0.1556
0.1112
0.1812
0.2274
0.2232
0.2672
0.0893
0.2435
0.204
0.2497
0.2094
0.2062
0.2071
0.0964
0.1198
0.1678
0.1467
0.2666
0.1712
