0.0735
0.0814
0.1243
0.11
0.0647
0.0908
0.0714
0.0531
0.1092
0.0641
0.0813
0.0914
0.0536
0.0947
0.1063
0.0852
0.0812
0.0927
0.1219
0.0323
0.1201
0.0757
0.1055
0.0963
0.0548
0.0442
0.0702
0.1101
0.0528
0.0482
0.0792
0.0262
0.0836
0.0513
0.032
0.0615
0.0536
0.0839
0.0537
0.0727
0.0858
0.1336
0.0543
0.0795
0.0852
0.0941
0.065
0.0687
0.0869
0.0524
0.0786
0.1048
0.0251
0.0633
0.0523
0.0456
0.0762
0.0763
0.0735
0.1207
0.0915
0.0764
0.0831
0.0987
0.1165
0.085
0.0583
0.0833
0.117
0.0543
0.0232
0.0377
0.0499
0.0957
0.0583
0.0343
0.0871
0.0791
0.0499
0.0902
0.07
0.0632
0.0456
0.0408
0.0916
0.0917
0.1213
0.0194
0.0792
0.091
0.1142
0.0854
0.1059
0.0768
0.0212
0.0111
0.1111
0.0692
0.1095
0.0396
