1.0032
1.
1.0006
1.0084
0.9945
1.0042
0.9858
0.9998
0.9952
0.997
1.0088
1.0058
1.0063
0.9952
1.0007
1.0049
0.9959
0.9998
1.0054
0.9894
0.9953
1.0035
0.9992
0.9973
1.0097
1.004
0.9855
0.9988
0.9987
1.0011
1.0119
0.9918
0.9908
0.9943
1.0012
0.9965
0.9882
1.007
0.9982
0.9926
0.9978
1.0056
1.0008
0.9973
0.9913
1.0092
1.0019
0.9951
0.9909
0.9884
0.9951
0.9919
0.9989
0.9873
0.993
0.9937
1.0092
1.0065
0.9995
0.9869
1.0103
1.0107
0.994
0.9899
1.0105
0.9912
0.9962
1.0056
0.9998
0.9817
1.0062
0.9993
0.9907
1.0016
0.9934
1.0007
1.0041
1.0016
0.9916
0.9956
0.994
0.9889
0.999
0.9905
0.9978
0.9946
1.002
1.0018
0.9951
1.0083
1.0069
1.0002
0.9993
0.995
0.9965
0.9943
1.0015
1.007
1.0145
1.003
