0.1256
0.203
0.1151
0.1643
0.1559
0.1747
0.1418
0.1589
0.1993
0.0858
0.1057
0.1399
0.2056
0.1421
0.1835
0.1638
0.191
0.1823
0.096
0.2152
0.1554
0.1953
0.1853
0.1372
0.1957
0.1696
0.1829
0.1998
0.1515
0.115
0.1624
0.1576
0.175
0.1976
0.145
0.1005
0.1596
0.1981
0.1855
0.1902
0.1642
0.1231
0.2156
0.1077
0.152
0.2256
0.168
0.1297
0.1587
0.202
0.185
0.1564
0.1152
0.1
0.2199
0.1987
0.1262
0.1484
0.1594
0.1382
0.1382
0.1523
0.1435
0.2086
0.1362
0.1376
0.206
0.1417
0.1579
0.1493
0.1929
0.2251
0.2378
0.1921
0.131
0.0771
0.1507
0.197
0.1177
0.175
0.1253
0.1253
0.2038
0.1319
0.1807
0.1669
0.1809
0.1664
0.1408
0.1733
0.1327
0.1087
0.1716
0.1628
0.1267
0.1263
0.18
0.1105
0.1382
0.1561
