1.0061
0.9933
1.0024
0.9995
0.994
1.0081
1.0095
1.009
1.0039
1.0036
1.0035
1.0021
0.9984
0.9954
1.0079
1.0208
0.9929
1.0036
0.99
1.0097
1.0028
1.0162
1.0085
1.0057
1.0012
0.9931
1.0065
1.0069
0.9956
1.0073
1.0001
0.9976
1.0114
0.9987
1.0092
1.0092
0.9994
1.0022
1.0101
1.0115
1.0132
1.0025
1.004
1.0085
1.0043
1.0028
0.9991
1.0109
1.0061
1.0056
1.0171
1.0044
1.0132
1.0014
0.9985
0.9993
1.0011
1.0055
1.0078
1.0054
1.0061
0.9999
0.9997
0.9999
1.0044
1.001
1.0054
1.007
1.0083
1.0028
1.0147
0.9883
0.9933
0.9993
1.0066
0.9906
1.0009
1.011
1.0015
1.0028
1.004
1.0098
1.0014
1.0196
1.0061
1.0021
0.9916
1.002
1.0058
1.0078
1.0114
1.0076
1.017
0.9998
0.9977
1.0071
0.9957
0.9969
1.0124
0.9951
