0.0143
0.0013
-0.0104
0.0684
0.012
0.022
0.0137
0.0158
0.0121
0.014
0.0175
0.0083
0.0448
0.0343
0.078
0.0299
0.031
0.0009
0.0313
-0.0102
0.0572
0.0272
0.0423
0.0075
-0.008
0.0036
0.0336
0.0565
0.0347
0.0256
0.0247
0.0351
0.0359
0.0258
0.0267
0.0399
0.0314
0.0209
0.0418
0.0266
0.0544
0.0533
0.0098
0.0494
0.0284
0.0536
0.0145
0.0312
0.029
0.0441
-0.0113
0.032
0.0084
0.0159
0.0341
0.0061
0.0546
0.0226
0.0283
0.0177
0.0401
0.0224
0.0263
0.0408
0.0364
0.0434
0.0406
0.0501
0.0205
0.0013
0.0254
0.0299
0.0146
0.0082
0.022
0.0265
0.0522
0.0222
0.0049
-0.0091
0.0119
0.038
0.015
0.0302
0.0131
0.0168
0.0492
0.0113
-0.0114
0.0303
0.0561
0.0364
0.0355
0.0368
0.0412
0.0267
0.0183
0.0329
0.0084
0.048
