0.1216
0.1518
0.0574
0.094
0.1526
0.1149
0.1433
0.1361
0.083
0.1449
0.0994
0.0745
0.0558
0.1177
0.1624
0.1446
0.0802
0.1254
0.139
0.073
0.1306
0.0562
0.063
0.0972
0.1422
0.114
0.1144
0.1271
0.1392
0.1532
0.1602
0.0784
0.1207
0.0883
0.0355
0.0878
0.1038
0.0826
0.1624
0.1305
0.1278
0.0879
0.0958
0.0948
0.1023
0.1235
0.0987
0.11
0.0959
0.1897
0.1213
0.1301
0.1167
0.1326
0.095
0.2032
0.1119
0.1161
0.0911
0.066
0.1336
0.148
0.1833
0.0883
0.1099
0.1094
0.1203
0.1502
0.0772
0.1653
0.119
0.093
0.1242
0.0908
0.1205
0.1099
0.0973
0.07
0.0761
0.1217
0.1267
0.1377
0.1214
0.1257
0.0446
0.0814
0.1072
0.1578
0.146
0.118
0.096
0.1014
0.0896
0.1071
0.0828
0.1417
0.1418
0.1307
0.1212
0.1064
