1.0291
1.0315
1.0297
1.0287
1.0232
1.0248
1.0352
1.0275
1.0289
1.0239
1.0258
1.0141
1.033
1.0196
1.0326
1.0224
1.0221
1.023
1.0185
1.028
1.0315
1.0416
1.0276
1.0325
1.0234
1.0354
1.0226
1.032
1.0206
1.031
1.0227
1.0289
1.0244
1.0134
1.0319
1.0284
1.0415
1.023
1.0207
1.0205
1.0298
1.0245
1.0246
1.0294
1.0178
1.0203
1.0239
1.0281
1.0222
1.028
1.013
1.0332
1.0225
1.0261
1.0265
1.0173
1.0231
1.0137
1.0294
1.0234
1.0192
1.0162
1.0328
1.0204
1.0255
1.0249
1.022
1.0431
1.027
1.0294
1.0197
1.0386
1.014
1.0222
1.0365
1.027
1.0257
1.019
1.0292
1.0379
1.0283
1.0232
1.0322
1.0288
1.0325
1.0093
1.0439
1.0285
1.0208
1.0203
1.0196
1.0222
1.0278
1.0162
1.0309
1.0243
1.0442
1.0244
1.016
1.0272
