0.0378
0.0292
0.0437
0.0352
0.0588
0.0624
0.0398
0.1008
0.044
0.0484
0.0732
0.0726
0.0191
0.031
0.0523
0.0568
0.0003
0.053
0.0458
0.009
0.0505
0.0433
0.0585
0.0295
0.0095
0.0242
0.0445
0.0256
0.035
0.0616
0.0455
0.0299
0.0364
0.0621
0.0067
0.0621
0.0363
0.0552
0.0261
0.0572
0.0538
0.0696
0.0724
0.0857
0.0173
0.0482
0.0838
0.0273
0.0437
0.0644
0.047
0.0412
0.0519
0.0387
0.0463
0.0331
0.0881
0.0931
0.0719
0.0703
0.0878
0.0478
0.0525
0.0662
0.0387
0.0918
0.0259
0.0431
0.0784
0.0793
0.0556
0.0316
0.0747
0.0478
0.0672
0.0901
0.0283
0.0818
0.0739
0.0492
0.0354
0.0773
0.0175
0.0533
0.0424
0.0737
0.0514
0.0575
0.0481
0.0678
0.0801
0.0371
0.0517
0.0643
0.0421
0.0379
0.0549
0.085
0.0434
0.0288
