0.0724
0.0562
0.0831
0.0673
0.1126
0.1194
0.0757
0.1901
0.0837
0.0918
0.1386
0.1387
0.0364
0.0597
0.099
0.1084
0.0007
0.1007
0.0874
0.0171
0.0968
0.0822
0.1114
0.0568
0.018
0.0467
0.0845
0.0489
0.0673
0.1174
0.0877
0.0574
0.069
0.1176
0.0129
0.117
0.0694
0.104
0.05
0.1095
0.1012
0.1323
0.138
0.1619
0.0334
0.0916
0.1591
0.0523
0.0828
0.1227
0.089
0.0782
0.0981
0.0739
0.0888
0.0627
0.1669
0.1764
0.1359
0.1347
0.1662
0.0913
0.1003
0.1252
0.0738
0.1753
0.0492
0.082
0.1493
0.1512
0.1058
0.062
0.1425
0.0916
0.1275
0.1723
0.0538
0.1542
0.1417
0.0936
0.0678
0.1475
0.0333
0.101
0.0804
0.141
0.0981
0.109
0.0922
0.1281
0.1517
0.0706
0.0976
0.1223
0.0807
0.072
0.1054
0.1615
0.0827
0.055
