0.1962
0.2781
0.2636
0.2408
0.2163
0.2666
0.2876
0.2523
0.2446
0.2466
0.2343
0.2266
0.2957
0.2946
0.2568
0.2106
0.2674
0.2619
0.3139
0.2466
0.2901
0.2564
0.2759
0.2214
0.2832
0.1894
0.2543
0.271
0.2264
0.2883
0.2696
0.3202
0.2717
0.2296
0.2781
0.2543
0.2722
0.3665
0.2779
0.2369
0.2485
0.3038
0.2147
0.3184
0.2976
0.2324
0.2562
0.2851
0.2963
0.235
0.2394
0.2463
0.2384
0.2479
0.2193
0.2959
0.2998
0.2328
0.2407
0.2998
0.2796
0.2914
0.2623
0.2324
0.2745
0.2696
0.3094
0.2693
0.294
0.2439
0.2834
0.2286
0.3564
0.2225
0.2829
0.2625
0.2402
0.3002
0.2689
0.1694
0.201
0.3055
0.2201
0.2881
0.2888
0.2747
0.2366
0.2428
0.3268
0.3614
0.299
0.2538
0.2954
0.3656
0.2376
0.2892
0.2478
0.2672
0.2583
0.2825
