0.0162
-0.011
-0.0081
0.0677
-0.0266
0.0352
-0.0123
-0.0088
0.0058
-0.009
0.009
0.003
0.0233
0.0142
0.0512
0.0236
0.0209
-0.0025
0.0033
0.0052
0.0278
-0.0117
0.0254
0.0257
0.0059
-0.0257
0.0034
0.0617
-0.0181
0.001
-0.0255
0.071
0.0432
0.034
0.0228
0.0402
0.0251
0.0064
0.0501
0.0203
0.0548
0.0486
-0.0002
0.0838
0.0086
0.0736
-0.03
0.0092
0.0094
0.0284
-0.0309
0.0664
0.0088
0.0311
0.0231
0.0153
0.0534
0.0249
0.0321
-0.0038
0.0022
0.0306
0.0204
0.0557
0.0237
0.0509
0.068
0.0318
-0.0084
0.0245
0.0253
0.0228
0.0194
0.0104
0.037
-0.001
0.0334
0.0262
0.0028
-0.0105
0.036
0.0449
0.0134
0.0212
0.0161
0.0287
0.0062
-0.013
-0.0047
0.0236
0.0068
0.0207
0.052
0.0556
0.0334
-0.0043
0.0048
0.0285
0.0156
0.0326
