0.0055
0.0346
0.0127
-0.0182
0.0261
-0.0085
0.0409
0.0052
0.0197
-0.0049
-0.0001
-0.0156
-0.0074
0.0024
0.0042
0.0187
0.0073
0.0044
-0.0194
0.0208
0.0004
-0.0205
-0.0113
0.0129
-0.0286
0.0091
0.0223
-6.3908e-08
-0.0076
0.0137
-0.009
0.0642
0.0042
-0.0027
0.0009
-0.015
0.0222
-0.0259
0.0144
0.0078
0.0322
-0.0242
0.0337
0.0404
-0.0266
-0.0115
-0.0014
-0.001
0.0089
0.0265
0.0204
0.0255
0.0102
0.0275
0.004
0.0154
-0.0183
0.0216
0.0051
0.009
-0.025
-0.0261
0.02
0.0402
-0.0197
0.0325
0.0012
-0.0337
0.0011
0.0399
-0.0036
0.0122
-0.0028
-0.0129
-0.0099
-0.0074
-0.023
0.0392
0.0453
-0.0125
0.0073
-0.0057
-0.0065
0.0327
-0.0052
0.0347
0.0044
0.0313
0.0449
-0.0192
0.0043
-0.0081
0.0014
-0.0092
-0.0052
0.0074
-0.0107
-0.0159
0.0078
0.0038
