1.0136
1.0102
1.0037
1.0051
1.0033
1.004
1.015
1.0012
1.0125
0.9983
1.0056
0.9978
1.0064
0.9907
1.002
0.9997
0.9992
0.9992
0.9944
1.0076
1.0086
1.0184
0.9999
1.0166
0.9926
1.0211
0.9973
1.0025
0.9933
1.0016
0.9893
0.9975
1.0021
0.9877
1.0045
1.0016
1.0144
0.996
0.9863
1.0007
1.0047
0.9968
1.0042
0.9995
0.9907
0.9983
1.0027
1.0046
0.9941
1.0043
0.9849
1.0065
1.0016
1.0024
1.0027
0.9909
0.9974
0.9904
1.0073
0.9904
0.9889
0.9892
1.0058
1.0019
1.
0.9986
0.992
1.0156
1.0024
1.0036
0.9915
1.0211
0.9838
0.9985
1.0116
1.0024
1.0033
0.9871
1.002
1.0224
1.0056
0.9954
1.0155
1.0038
1.0038
0.978
1.0179
1.004
0.9923
0.9872
0.9851
0.9866
0.9976
0.985
1.014
0.997
1.0201
0.9947
0.9919
0.9965
