0.2977
0.4638
0.4655
0.4179
0.3839
0.4741
0.4485
0.4585
0.3862
0.4597
0.407
0.4332
0.5104
0.5941
0.4632
0.3892
0.5021
0.4865
0.6061
0.4142
0.4851
0.3758
0.5074
0.3269
0.5567
0.2472
0.4846
0.4812
0.4493
0.5177
0.5467
0.5994
0.4916
0.4855
0.4895
0.4551
0.4207
0.6995
0.5761
0.4311
0.4343
0.5773
0.3772
0.5852
0.5943
0.4402
0.4613
0.5055
0.5744
0.4125
0.5157
0.4168
0.434
0.446
0.3909
0.5925
0.5688
0.4794
0.401
0.5956
0.5732
0.5974
0.4538
0.4216
0.502
0.5027
0.6087
0.4104
0.5304
0.4269
0.565
0.3109
0.75
0.4213
0.4588
0.4708
0.4262
0.6196
0.4834
0.2036
0.3405
0.5834
0.3299
0.5118
0.5141
0.6227
0.3364
0.4261
0.6418
0.7309
0.6228
0.5304
0.5548
0.7492
0.3676
0.5454
0.349
0.5167
0.521
0.5372
