0.0135
0.0345
0.0141
0.0025
0.0123
0.0019
0.006
0.0047
0.0078
-0.0122
0.0221
-0.0014
0.0081
-0.0093
0.0059
0.031
-0.0028
0.0039
-0.0061
-0.005
-0.011
-0.012
-0.0133
0.0062
-0.0048
0.019
-0.0131
-0.0029
-0.0107
0.0165
0.0203
0.0434
-0.0184
-0.0166
0.0038
-0.0236
-0.0066
-0.0087
0.01
-0.0103
0.0266
-0.0105
0.0358
0.0335
-0.0479
0.0113
0.0031
-0.0129
-0.0135
-0.0019
0.0083
0.0057
0.0074
-0.0033
-0.0132
-5.2375e-05
0.0042
0.0379
0.004
-0.0232
0.0003
7.8482e-05
0.0053
0.0153
0.0061
0.0109
-0.0082
-0.0199
0.0005
-0.0049
0.0116
0.0104
-0.0256
-0.0091
-0.0261
-0.0057
-0.013
0.0433
0.0244
-0.0234
-0.0073
-0.0328
-0.009
0.0094
-0.0107
0.0212
0.0094
0.0357
0.0326
0.0011
0.0214
-0.0077
-0.0004
-0.0215
-0.0139
-0.0065
-0.0071
0.0012
0.0449
0.011
