0.0219
0.0698
0.0304
-0.0367
0.0528
-0.0166
0.0909
0.0008
0.0423
-0.0012
0.0065
-0.0082
-0.02
0.0072
0.0017
0.0373
0.0085
0.0222
-0.0465
0.0524
-0.0072
-0.0484
-0.0049
0.0299
-0.0574
0.0093
0.0582
0.014
-0.0207
0.0491
-0.0384
0.1474
0.008
-0.0049
-0.0089
-0.0239
0.058
-0.0701
0.022
0.0166
0.0771
-0.0525
0.0996
0.1107
-0.0577
0.0086
-0.0226
-0.0016
-0.0014
0.0328
0.0575
0.0473
0.0329
0.0641
0.0155
0.037
-0.0292
0.0402
0.0185
0.0031
-0.0632
-0.0687
0.0712
0.0894
-0.033
0.0911
0.0126
-0.0825
0.0075
0.1024
0.025
0.0442
-0.0126
-0.0196
-0.047
-0.0077
-0.0624
0.0823
0.1125
-0.0429
-0.0069
-0.0015
0.0028
0.0908
-0.004
0.0772
0.0474
0.0694
0.1209
-0.0272
0.0226
-0.0199
-0.008
-0.0033
0.0011
0.0167
-0.0316
-0.03
0.0368
0.0199
