0.0226
0.0459
0.0377
0.0366
0.0739
0.0419
0.0163
0.0772
0.0342
0.0393
0.0641
0.0672
0.0231
0.0427
0.0322
0.0049
0.018
0.0438
0.0709
-0.0151
0.0434
0.0025
0.037
0.0155
0.0065
0.0412
0.0281
0.0085
0.0461
0.043
0.0453
0.036
0.0078
0.0653
-0.0159
0.0385
0.0378
0.0496
0.001
0.0283
0.0201
0.0633
0.0624
0.0637
0.0067
0.0411
0.0861
0.0001
0.0282
0.05
0.0041
0.0302
0.0185
0.0352
0.0501
0.0349
0.0854
0.0787
0.052
0.0565
0.0722
0.048
0.0531
0.0665
0.0277
0.0893
0.0122
0.0255
0.0568
0.0721
0.0188
0.0603
0.0919
0.0496
0.0502
0.1145
0.026
0.0534
0.0701
0.0421
0.0253
0.0523
0.0141
0.0037
0.0268
0.0682
0.0722
0.0523
0.0335
0.0477
0.0507
0.0183
0.0088
0.0649
0.0479
0.0199
0.0656
0.0932
0.0124
0.0408
