0.1529
0.1791
0.1324
0.1347
0.1836
0.1491
0.2055
0.1818
0.1786
0.1855
0.151
0.1133
0.1216
0.1438
0.1978
0.1763
0.1744
0.1591
0.1923
0.1189
0.1586
0.11
0.1063
0.1622
0.1958
0.1508
0.1268
0.1667
0.1691
0.174
0.1714
0.125
0.1931
0.1588
0.0979
0.1428
0.1455
0.158
0.2181
0.1809
0.1457
0.1345
0.1572
0.1462
0.1468
0.1756
0.1298
0.1497
0.1368
0.2115
0.1652
0.1484
0.1518
0.1762
0.1452
0.2036
0.1589
0.1544
0.1583
0.131
0.1635
0.1862
0.17
0.1414
0.1561
0.1505
0.1894
0.1762
0.1713
0.1517
0.1383
0.1426
0.1381
0.1386
0.1406
0.1495
0.155
0.1229
0.1132
0.1968
0.1729
0.1635
0.1423
0.1556
0.1351
0.1279
0.1761
0.1997
0.1803
0.1713
0.1233
0.1592
0.1284
0.1466
0.1225
0.1595
0.1892
0.1993
0.175
0.1555
