0.286
0.3321
0.248
0.2532
0.3439
0.2802
0.3859
0.3414
0.3299
0.3465
0.2833
0.212
0.2272
0.2705
0.3735
0.3289
0.3236
0.2984
0.3573
0.2218
0.3015
0.2073
0.1974
0.3027
0.3631
0.2818
0.2409
0.3113
0.3155
0.3269
0.324
0.233
0.3581
0.2951
0.1826
0.2654
0.2734
0.2952
0.4057
0.3381
0.2745
0.2525
0.2931
0.273
0.2753
0.3294
0.2433
0.2813
0.2559
0.395
0.306
0.2797
0.2825
0.3321
0.2709
0.3803
0.2996
0.2879
0.2968
0.2441
0.3082
0.347
0.3207
0.2647
0.2928
0.277
0.3499
0.3296
0.3187
0.2891
0.2573
0.2685
0.2604
0.2613
0.2652
0.2794
0.291
0.2295
0.2128
0.3641
0.3202
0.3066
0.265
0.2919
0.2512
0.2422
0.3275
0.3726
0.3375
0.3224
0.2327
0.2963
0.2412
0.2751
0.2307
0.2976
0.3535
0.3681
0.3226
0.2903
