1.0118
1.0101
1.0285
1.0155
1.0114
1.0128
1.0229
1.0171
1.0353
1.015
1.0192
1.0148
1.0252
1.0099
1.0131
1.0117
1.0348
1.0126
1.0194
1.0175
1.0106
1.0207
1.0164
1.0241
1.0197
1.0138
1.0047
1.0148
1.0111
1.0077
1.0042
1.0175
1.0266
1.0264
1.0238
1.0205
1.0157
1.0283
1.0202
1.0186
1.0067
1.0177
1.023
1.0192
1.0166
1.0195
1.0117
1.015
1.0155
1.0079
1.0161
1.0069
1.0131
1.0163
1.0188
1.0001
1.0176
1.0141
1.0253
1.0245
1.0112
1.0141
0.995
1.0199
1.0172
1.0153
1.0255
1.0096
1.035
0.9949
1.0073
1.0186
1.0053
1.0183
1.0076
1.0148
1.022
1.0201
1.0144
1.0275
1.0169
1.0095
1.0078
1.0113
1.034
1.0178
1.0257
1.0154
1.0126
1.0199
1.0104
1.0216
1.0146
1.0147
1.0151
1.0067
1.0176
1.0249
1.0197
1.0183
