0.9992
1.005
0.9991
1.0003
1.0155
0.9947
1.0105
1.01
1.0025
1.0093
1.0034
1.0021
1.0085
1.0081
1.0105
1.0025
1.004
1.0014
1.0114
0.9937
1.0117
1.0157
1.0067
0.9926
0.9943
1.0119
1.0122
0.9979
1.0212
1.0099
1.0202
0.9856
0.9971
0.9967
1.0016
0.9999
1.0025
1.0058
0.9967
1.0025
0.9998
1.0019
1.0041
0.9862
1.0079
0.9921
1.0181
1.009
1.0079
1.0062
1.008
0.9863
0.9998
0.9939
1.0044
0.9962
1.0005
0.9991
0.9985
1.0087
1.0151
0.9967
1.0023
0.9941
1.005
0.997
0.9891
1.0073
1.0117
0.9905
1.
1.0029
0.9981
0.9991
0.9939
1.0109
1.0075
0.9984
1.0008
1.0006
0.9902
0.9972
1.0006
1.0036
0.9988
0.9952
1.0166
1.0099
0.9973
1.0026
1.0194
1.0062
0.9935
0.9924
1.0031
1.0124
1.0055
1.0018
0.9971
1.0061
