0.0657
0.0891
0.1246
0.1392
0.0739
0.1173
0.0965
0.0811
0.1062
0.0865
0.1179
0.1296
0.0698
0.1215
0.1345
0.0967
0.0917
0.1205
0.1307
0.0816
0.112
0.0886
0.1159
0.1185
0.1055
0.0949
0.0855
0.1123
0.1125
0.0952
0.0974
0.0496
0.1069
0.0817
0.0728
0.1154
0.0872
0.1127
0.0947
0.098
0.1182
0.131
0.0918
0.09
0.1104
0.1415
0.0716
0.1225
0.1056
0.0838
0.1428
0.104
0.0637
0.1039
0.1044
0.0975
0.0854
0.1169
0.1221
0.1613
0.1062
0.103
0.1209
0.1297
0.1179
0.1062
0.1041
0.1247
0.1287
0.0998
0.0694
0.0665
0.0895
0.123
0.1075
0.0847
0.1158
0.1027
0.0876
0.097
0.104
0.0823
0.0587
0.0965
0.1203
0.1181
0.1432
0.0474
0.1294
0.109
0.1318
0.111
0.1078
0.1079
0.0508
0.0637
0.0878
0.0772
0.1428
0.0916
