0.1165
0.1898
0.1809
0.1613
0.1523
0.1972
0.1866
0.1751
0.1632
0.1793
0.163
0.1875
0.2024
0.2397
0.1665
0.1486
0.205
0.1972
0.2608
0.1681
0.1997
0.1399
0.1984
0.1323
0.2177
0.0932
0.1912
0.1805
0.1694
0.2004
0.2055
0.2372
0.2029
0.192
0.189
0.1744
0.1549
0.3
0.2192
0.179
0.166
0.2346
0.1472
0.2336
0.2468
0.1762
0.1892
0.206
0.2332
0.157
0.2028
0.1531
0.1755
0.1747
0.1464
0.2467
0.2348
0.1949
0.1571
0.2333
0.2254
0.246
0.1711
0.176
0.2024
0.1998
0.2465
0.1476
0.2177
0.1615
0.2278
0.1205
0.3164
0.1615
0.1793
0.1867
0.1686
0.2462
0.1864
0.0678
0.1229
0.2393
0.1314
0.2067
0.1971
0.2485
0.1129
0.164
0.2671
0.3029
0.2433
0.1916
0.217
0.3186
0.1518
0.2202
0.1235
0.1978
0.2137
0.2056
