0.0259
0.0665
0.027
0.0047
0.0237
0.0036
0.0116
0.0091
0.0152
-0.0235
0.0421
-0.0028
0.0156
-0.0178
0.0113
0.0595
-0.0054
0.0075
-0.0118
-0.0097
-0.0213
-0.0232
-0.0256
0.0118
-0.0092
0.0366
-0.0251
-0.0055
-0.0205
0.0317
0.0388
0.0834
-0.0353
-0.032
0.0074
-0.0454
-0.0127
-0.0167
0.0193
-0.0198
0.0507
-0.0202
0.068
0.0641
-0.0921
0.0216
0.006
-0.0248
-0.026
-0.0037
0.0158
0.011
0.0142
-0.0064
-0.0254
-9.9437e-05
0.0079
0.0724
0.0076
-0.0446
0.0005
0.0001
0.0102
0.0296
0.0116
0.0211
-0.0157
-0.0383
0.0011
-0.0094
0.0222
0.0199
-0.0493
-0.0176
-0.0501
-0.011
-0.025
0.0838
0.0471
-0.045
-0.0141
-0.0631
-0.0173
0.0181
-0.0206
0.0407
0.0179
0.0689
0.0624
0.002
0.0409
-0.0148
-0.0008
-0.0414
-0.0268
-0.0124
-0.0136
0.0024
0.0843
0.0212
