0.9965
1.002
1.0034
0.9927
1.01
0.9881
1.0124
1.0086
0.9999
1.0102
1.0041
0.9995
1.0022
1.0037
1.0036
0.9969
1.0021
1.0058
1.0108
0.991
1.0071
1.0148
1.0048
0.9913
0.9976
1.0138
1.0122
0.9956
1.0208
1.0074
1.0212
0.9803
0.9919
0.9972
0.9964
0.9971
1.0021
1.0068
0.9933
0.9989
0.9954
0.9932
1.0017
0.9798
1.0026
0.9893
1.024
1.002
1.0079
1.0021
1.0111
0.9842
0.9977
0.9942
1.0022
1.0006
1.0007
0.9968
0.9931
1.0066
1.011
0.998
1.0006
0.9919
1.0016
0.9913
0.9861
0.9975
1.0091
0.9907
0.9968
1.0021
0.9922
1.002
0.9898
1.0075
1.0014
0.9936
0.999
1.005
0.9902
0.9923
0.9986
1.0002
0.9859
0.9945
1.0136
1.0043
1.0004
1.0012
1.01
0.9987
0.9894
0.9844
0.9999
1.0106
1.0039
1.0021
1.0004
0.9961
