0.0275
0.0024
-0.02
0.1303
0.0224
0.042
0.0263
0.0303
0.023
0.0267
0.0333
0.0158
0.0853
0.0651
0.1482
0.0572
0.0592
0.0017
0.06
-0.0196
0.1086
0.0519
0.0814
0.0145
-0.0154
0.0069
0.0644
0.1088
0.066
0.0487
0.047
0.0675
0.0688
0.0497
0.0511
0.0768
0.06
0.04
0.08
0.0509
0.1038
0.1005
0.0188
0.0963
0.0542
0.1031
0.028
0.0596
0.056
0.084
-0.0218
0.0621
0.0161
0.0306
0.0652
0.0118
0.105
0.0435
0.0541
0.0338
0.0762
0.0434
0.0501
0.0781
0.0694
0.0832
0.0781
0.0953
0.039
0.0025
0.0486
0.0575
0.0278
0.0158
0.0424
0.0502
0.0995
0.0427
0.0093
-0.0174
0.0232
0.0729
0.0288
0.0578
0.025
0.0321
0.0924
0.0216
-0.0219
0.0581
0.1057
0.0695
0.0679
0.071
0.0792
0.0508
0.035
0.0634
0.0163
0.0908
