0.9902
0.9845
0.987
1.0011
0.9946
0.9981
0.9972
1.0028
0.9858
1.
1.0037
1.0038
0.9978
1.0004
0.9958
0.9924
0.9926
0.9956
0.9864
1.0063
0.9815
0.9984
0.9888
0.9954
1.017
1.0103
0.9963
0.9862
1.0123
1.0125
0.9972
1.0052
0.9959
1.0005
1.015
1.0069
1.0109
0.998
1.0088
1.0027
1.0005
0.9865
1.0044
0.993
1.0005
1.0062
0.9969
1.0116
0.9982
1.0099
1.0121
0.985
1.0119
1.0113
1.0124
1.0112
0.9958
1.0028
1.0125
1.0045
0.9977
1.
1.0098
1.0019
0.9871
0.9965
1.0009
1.0027
0.9906
1.0046
1.0138
1.0026
1.0074
1.0009
1.0136
1.0118
0.9971
0.9933
1.0043
0.9936
1.0043
0.9994
0.9967
1.0149
1.0014
0.9991
0.9909
1.0034
1.0128
0.9948
0.9992
0.9994
0.9903
1.0041
1.0093
1.0187
0.9841
0.9947
0.9993
1.0116
