0.2129
0.2618
0.1956
0.1649
0.206
0.2063
0.1811
0.2287
0.184
0.2253
0.1557
0.2418
0.2219
0.1965
0.1584
0.2061
0.2434
0.1435
0.1708
0.2563
0.1825
0.2839
0.2179
0.2698
0.1393
0.2726
0.1974
0.1678
0.1805
0.2536
0.2998
0.3034
0.2356
0.2252
0.202
0.1544
0.1956
0.2073
0.2081
0.2062
0.2034
0.2287
0.1692
0.1647
0.1828
0.1798
0.216
0.1757
0.1338
0.2456
0.2072
0.2076
0.1797
0.2475
0.2309
0.2504
0.2037
0.2134
0.2041
0.1439
0.2464
0.2078
0.1692
0.1535
0.1887
0.1573
0.1784
0.2326
0.1979
0.2755
0.2342
0.2011
0.1207
0.1891
0.2134
0.2658
0.1595
0.2233
0.2317
0.1602
0.1929
0.2085
0.2359
0.2303
0.1865
0.2347
0.1771
0.221
0.2694
0.2087
0.2263
0.1879
0.2636
0.1837
0.2387
0.195
0.264
0.2029
0.2062
0.2813
