0.0791
0.1209
0.1183
0.0766
0.105
0.0489
0.1664
0.1749
0.1188
0.0996
0.1304
0.1274
0.1296
0.0934
0.0442
0.1502
0.1077
0.1188
0.1389
0.1269
0.1078
0.1756
0.0982
0.149
0.1618
0.1206
0.18
0.1156
0.1207
0.1364
0.1017
0.1005
0.1205
0.0922
0.0929
0.1675
0.0781
0.1448
0.0992
0.1796
0.0976
0.086
0.1044
0.1387
0.1277
0.0577
0.095
0.1156
0.1504
0.1626
0.1676
0.1506
0.0869
0.1305
0.199
0.1709
0.129
0.1169
0.1898
0.0752
0.1155
0.1097
0.1332
0.0705
0.1149
0.0985
0.1134
0.1038
0.115
0.1185
0.172
0.0992
0.1231
0.1226
0.1425
0.1639
0.1713
0.0938
0.1828
0.122
0.1612
0.126
0.1051
0.1374
0.0851
0.1153
0.1749
0.0886
0.1093
0.092
0.1263
0.1411
0.1228
0.1171
0.1201
0.0969
0.1489
0.1167
0.1297
0.1395
