0.9983
0.9964
1.0011
1.0121
1.0091
0.9963
0.9967
1.0068
0.9957
0.9963
1.0096
0.9925
1.0051
1.0048
1.0057
0.9958
1.0071
0.9997
1.0024
1.01
1.0105
1.0044
0.9991
1.0033
1.005
0.9995
0.9964
0.9892
1.0016
1.0026
1.0006
0.9923
0.995
1.0019
1.002
1.0096
1.0022
1.0001
1.0049
1.0035
1.0007
1.0113
0.9872
1.008
0.9889
1.0125
1.0027
1.0101
1.0029
0.9939
1.0121
1.0105
1.0054
0.9887
0.991
1.0051
1.0001
0.9978
1.0037
1.0092
1.004
1.0016
1.0016
1.0046
0.9909
1.0078
0.9968
1.0073
1.0021
1.0082
0.9935
1.0084
0.9866
1.0024
0.9985
1.0096
1.0013
0.9984
0.9937
0.9938
1.0009
0.996
1.003
0.9991
1.0023
0.999
1.0027
1.0041
0.9999
1.0076
1.0085
1.0014
0.9956
0.9973
1.0051
1.0053
0.9947
1.0102
0.9993
1.0066
