1.0034
1.004
1.0038
1.0082
1.0101
1.0046
1.0105
1.016
1.0216
1.0132
1.0068
1.003
1.0106
1.01
1.0006
1.0132
1.0071
1.001
1.0039
1.0075
1.0065
1.0014
0.9981
1.0047
1.0066
0.9976
1.0002
1.006
1.0121
1.0134
1.0023
0.9963
0.995
1.0116
0.9978
1.0111
1.0098
1.0061
0.9982
1.0183
1.0123
1.0138
1.0046
1.0106
0.9987
0.9961
1.0094
1.01
1.0073
1.0114
1.0036
1.0051
1.006
0.9997
1.0052
1.0051
1.0124
1.0003
1.0044
1.0038
0.9984
1.0057
1.
0.9989
1.0018
1.0035
1.0083
1.0118
1.0125
1.006
1.0083
1.0041
1.0174
1.0048
1.0107
1.0027
1.0085
1.0016
1.002
1.013
1.0014
1.0121
0.9973
1.0037
1.004
1.0085
0.9984
1.0139
1.0058
1.0086
1.005
1.002
0.9994
1.0059
1.0056
1.0096
1.0076
1.0035
1.0093
1.0027
