1.0225
1.0268
1.0242
1.0318
1.016
1.024
1.0119
0.9994
1.0149
1.0182
1.0237
1.012
1.0234
1.0147
1.0341
1.0018
1.0224
1.0137
1.0157
1.0063
1.0067
1.0078
1.0179
1.0027
1.0136
1.0121
1.017
1.0227
1.0147
1.0124
1.0153
1.0146
1.0228
1.0249
1.0384
1.0088
1.0262
1.0106
1.0194
1.0122
1.023
1.0224
1.0176
1.0097
1.0032
1.0249
1.0131
1.0176
1.0121
1.0152
1.0111
1.0111
1.0148
1.0177
1.0075
1.0211
1.0203
1.0206
1.0015
1.0213
1.0243
1.0194
1.012
1.0218
1.0132
1.0109
1.0177
1.0177
1.0074
1.0154
1.0194
1.021
1.0183
1.0166
1.0135
1.0065
0.9929
1.0192
1.0106
1.0189
1.0185
1.0189
1.0158
1.0163
1.0199
1.01
1.0001
1.0225
1.0159
1.0181
1.0134
1.0091
1.0174
1.0308
1.0053
1.0224
1.0111
1.0112
1.0216
1.0195
