1.0029
0.9998
0.9955
1.0122
1.0089
1.002
1.0115
0.9957
0.9917
1.0057
0.9994
0.998
1.0024
0.9877
0.9975
1.0059
0.9975
0.9977
0.9988
1.0021
0.9953
1.0078
0.9913
1.0064
1.007
1.0048
0.9958
0.9958
0.995
1.0125
1.0038
1.0008
1.0089
1.003
1.0088
1.006
1.0073
0.9901
1.0053
1.0036
1.0048
0.9987
0.9986
1.0026
0.9984
1.0002
0.9873
1.0035
1.0071
0.992
1.0042
0.9883
0.9971
1.0002
0.9962
1.0218
1.0059
0.9984
1.0029
0.9979
0.9949
1.0047
1.0009
0.9934
0.9994
0.9902
1.0065
1.0111
0.997
1.0029
1.0041
1.0023
1.0011
0.9974
0.9892
1.0034
0.9983
1.0098
0.9981
0.9988
0.9887
1.0079
1.0074
1.0005
0.9972
0.9975
1.0008
1.0017
0.9918
0.9959
0.9994
1.0028
1.0003
1.0067
0.9957
0.9999
1.001
1.0108
1.0088
1.0015
