1.0091
1.0206
1.0135
1.0152
1.0011
1.0068
1.0162
1.0262
1.0091
1.0255
1.0184
1.0263
1.0107
1.0019
0.9964
1.0121
1.0127
1.0053
1.0066
1.0174
1.0221
1.0211
1.0167
1.0199
1.0166
1.0158
1.0055
1.0148
1.0141
1.0227
1.0119
1.0135
1.0048
1.0109
1.0165
1.0015
1.0087
1.0219
1.0083
1.0125
1.0075
1.0094
1.0034
1.0103
1.002
1.0012
1.0116
1.0101
1.0017
1.0216
1.0116
1.0153
1.0116
1.0101
1.019
1.0037
1.0109
1.0044
1.0161
1.0144
1.0133
1.0181
1.009
1.0163
1.0015
1.0183
1.0055
1.0053
1.0155
0.9938
1.0056
1.0237
1.0054
1.0129
1.0137
1.0173
1.0218
1.0206
1.0074
1.0216
0.994
1.0148
1.0108
1.0111
1.0019
1.0006
1.0113
1.0098
1.0119
1.0193
0.9973
1.0127
1.0221
0.9993
1.0045
1.0092
1.012
1.0071
1.0061
1.0211
