0.0511
0.0241
0.04
0.0184
0.0283
0.023
0.0035
-0.0103
0.0055
0.0548
0.0394
0.0629
0.0349
0.0537
0.0404
-0.0124
0.0359
0.0388
0.0381
0.0579
0.0237
0.039
0.0676
0.0141
0.0158
0.0245
0.0327
0.0395
0.0381
0.0691
0.0491
0.0633
0.0389
0.0093
0.0912
0.0248
0.0003
0.0843
0.0379
0.0357
0.0076
0.0435
0.0612
0.0445
0.0687
0.0593
0.0138
0.0504
0.001
0.0691
0.0414
0.0593
0.0892
0.052
0.0413
0.0172
0.01
0.0648
0.0303
0.0485
0.0352
0.0044
0.0811
0.0348
0.0588
0.0863
0.0086
0.0129
0.018
0.01
0.0706
0.0156
0.06
0.0537
0.0323
0.0667
0.0499
0.0513
0.0981
0.074
0.0378
0.0195
0.0852
0.0062
0.0249
0.042
0.0802
0.0218
0.0773
0.0115
0.064
0.0428
0.0819
0.0113
0.0176
0.0533
-0.0057
0.0668
0.0267
0.0499
