-0.0192
-0.0049
-0.012
-0.0214
0.0189
0.0279
-0.0159
-0.0349
0.0142
-0.0002
-0.0252
-0.0356
0.0151
0.0142
0.0442
-0.0025
0.0418
0.0016
0.0389
0.01
-0.0118
-0.0265
0.0061
-0.0049
-0.0381
-0.0289
0.0163
0.0161
0.0459
-0.0236
0.0078
0.0144
-0.0264
-0.0245
-0.0031
-0.0011
-0.005
0.0337
-0.0421
-0.0262
0.0021
-0.0243
0.0097
-0.0008
-0.009
0.0013
0.0544
0.0021
0.0148
0.0633
0.0069
0.0938
0.0043
-0.0097
0.0358
-0.0345
-0.0261
-0.0508
-0.014
0.0062
0.0196
0.0074
-0.0554
-0.0016
0.0216
0.0069
0.0177
-0.0348
0.0285
-0.0219
0.013
-0.0177
0.0063
0.0321
0.0044
0.019
-0.0212
-0.0031
0.0012
-0.0077
0.0445
0.0065
-0.0149
-0.0453
0.0462
-0.0312
0.018
-0.0315
0.0133
-0.0233
-0.0039
0.015
0.0215
-0.0198
-0.0051
0.0204
0.0128
-0.0218
0.0229
0.0393
