0.0343
0.0122
0.0107
-0.0371
0.0035
0.0392
0.1001
-0.0114
0.0467
0.0488
0.0082
0.0613
0.0319
0.0089
-0.0069
0.0214
-0.0045
0.0124
0.0532
0.0004
0.0103
0.0043
0.0141
0.0288
0.0351
0.0552
0.0833
0.0627
0.0433
0.0504
0.0052
0.0281
0.0354
-0.0058
0.0476
0.0214
0.0442
0.0712
0.0509
0.0372
0.0058
0.015
0.0457
-0.0055
0.0515
-0.0357
0.0182
0.0045
0.0115
0.0523
-0.0062
0.0258
0.0131
0.0231
0.0426
0.0067
0.0501
0.0545
0.0298
-0.0213
0.0271
0.0496
0.0164
0.0079
0.0218
0.0069
0.0478
-0.0059
0.0355
-0.0208
0.0343
0.0212
0.0749
0.0327
0.0252
-0.0258
0.032
0.0228
0.0111
0.0287
0.0012
0.0128
0.0124
0.022
0.0089
0.0529
-0.0166
0.0298
-0.0044
0.0176
0.0022
0.0065
0.0326
0.0198
0.0145
0.0051
0.0146
0.0161
0.036
-0.0029
